0,5,-1.0,3.31115e-07,0.38089,3
1,5,-1.0,1.10909e-10,0.987556,3
2,5,-1.0,8.57718e-09,0.549334,3
3,5,-1.0,1.95548e-07,0.587556,3
4,5,-1.0,1.50315e-08,0.556445,3
5,5,-1.0,1.40747e-09,0.5831109999999999,3
6,5,-1.0,4.92313e-09,0.558223,3
7,5,-1.0,3.50333e-09,0.607556,3
8,5,-1.0,1.84725e-08,0.593778,3
9,5,-1.0,7.94004e-10,0.572444,3
10,5,-1.0,5.10439e-11,0.537778,3
11,5,-1.0,1.20498e-09,0.578668,3
12,5,-1.0,2.1261e-08,0.766667,3
13,5,-1.0,5.84117e-09,0.783111,3
14,5,-1.0,2.51544e-11,0.829334,3
15,5,-1.0,5.01881e-10,0.770668,3
16,5,-1.0,5.20075e-10,0.867111,3
17,5,-1.0,4.70229e-10,0.670223,3
18,5,-1.0,1.05939e-09,0.440889,3
19,5,-1.0,2.17936e-09,0.549334,3
20,5,-1.0,1.10331e-08,0.716,3
21,5,-1.0,8.11495e-10,0.8297789999999999,3
22,5,-1.0,1.30578e-09,0.850223,3
23,5,-1.0,4.38065e-09,0.9377789999999999,3
24,5,-1.0,4.19376e-08,1.0711119999999998,3
25,5,-1.0,9.56184e-10,0.7444449999999999,3
26,5,-1.0,1.31679e-08,0.615556,3
27,5,-1.0,7.70036e-10,0.6902229999999999,3
28,5,-1.0,1.77079e-09,0.631556,3
29,5,-1.0,2.34291e-10,0.414667,3
30,5,-1.0,1.06867e-10,0.955112,3
31,5,-1.0,4.89832e-09,0.9995569999999999,3
32,5,-1.0,3.48501e-09,0.736889,3
33,5,-1.0,2.46758e-10,0.724445,3
34,5,-1.0,5.92281e-09,0.851112,3
35,5,-1.0,9.90779e-09,0.859556,3
36,5,-1.0,1.28654e-09,0.8724449999999999,3
37,5,-1.0,9.37704e-09,0.81289,3
38,5,-1.0,1.07111e-08,0.7457779999999999,3
39,5,-1.0,4.41307e-09,0.5395559999999999,3
40,5,-1.0,1.23214e-08,0.6062219999999999,3
41,5,-1.0,8.25283e-09,0.577334,3
42,5,-1.0,1.32171e-09,0.390667,3
43,5,-1.0,3.38467e-10,0.541778,3
44,5,-1.0,1.00325e-09,0.651112,3
45,5,-1.0,2.82542e-10,0.7728889999999999,3
46,5,-1.0,3.78321e-09,0.660001,3
47,5,-1.0,4.3614e-09,0.555111,3
48,5,-1.0,1.83076e-07,0.565333,3
49,5,-1.0,3.46245e-09,0.572001,3
50,5,-1.0,5.27912e-09,0.955557,3
51,5,-1.0,1.06743e-09,0.9604459999999999,3
52,5,-1.0,1.0116e-10,0.9044449999999999,3
53,5,-1.0,6.43558e-09,0.92489,3
54,5,-1.0,8.78287e-10,0.990223,3
55,5,-1.0,9.10554e-09,0.8022229999999999,3
56,5,-1.0,3.10026e-09,0.8986679999999999,3
57,5,-1.0,5.24197e-09,0.9608899999999999,3
58,5,-1.0,2.86167e-08,0.598223,3
59,5,-1.0,7.78027e-09,0.9617789999999999,3
60,5,-1.0,5.03761e-08,1.008001,3
61,5,-1.0,4.4564e-09,0.852001,3
62,5,-1.0,1.47131e-08,0.530223,3
63,5,-1.0,6.99387e-08,0.52489,3
64,5,-1.0,6.40234e-09,0.5160009999999999,3
65,5,-1.0,4.28672e-09,0.536445,3
66,5,-1.0,1.30825e-08,0.5786669999999999,3
67,5,-1.0,5.04568e-09,0.40355599999999997,3
68,5,-1.0,4.25384e-09,0.525778,3
69,5,-1.0,1.72214e-08,0.611556,3
70,5,-1.0,3.3789e-08,0.858223,3
71,5,-1.0,4.16986e-09,0.676889,3
72,5,-1.0,3.98975e-09,0.8364459999999999,3
73,5,-1.0,3.92494e-09,0.587556,3
74,5,-1.0,5.63575e-09,0.576445,3
75,5,-1.0,2.85983e-10,0.732,3
76,5,-1.0,9.63804e-09,0.576889,3
77,5,-1.0,5.09575e-09,0.804001,3
78,5,-1.0,1.52645e-08,0.610223,3
79,5,-1.0,8.25998e-10,0.546667,3
80,5,-1.0,4.41701e-09,0.5204449999999999,3
81,5,-1.0,1.8064e-09,0.521334,3
82,5,-1.0,2.3529e-08,0.473778,3
83,5,-1.0,1.54576e-09,0.534223,3
84,5,-1.0,6.17421e-08,0.44799999999999995,3
85,5,-1.0,1.74884e-09,0.46399999999999997,3
86,5,-1.0,2.07502e-10,0.902223,3
87,5,-1.0,3.98229e-09,0.5515559999999999,3
88,5,-1.0,6.29502e-10,0.46488999999999997,3
89,5,-1.0,1.51957e-08,0.615556,3
90,5,-1.0,1.32139e-08,0.5706669999999999,3
91,5,-1.0,1.9413e-09,0.588,3
92,5,-1.0,1.8707e-09,0.733779,3
93,5,-1.0,1.48293e-09,0.784445,3
94,5,-1.0,3.81724e-09,0.767556,3
95,5,-1.0,1.58624e-09,0.726223,3
96,5,-1.0,3.70254e-09,0.572889,3
97,5,-1.0,1.10535e-07,0.685334,3
98,5,-1.0,7.49956e-08,0.879111,3
99,5,-1.0,1.84324e-09,0.5288889999999999,3
0,5,-2.0,6.44197e-09,0.847556,3
1,5,-2.0,9.06094e-10,0.809778,3
2,5,-2.0,1.86255e-09,0.608445,3
3,5,-2.0,2.49621e-09,0.5826669999999999,3
4,5,-2.0,2.86416e-08,0.5906669999999999,3
5,5,-2.0,3.77994e-07,0.564,3
6,5,-2.0,6.13715e-09,0.6835559999999999,3
7,5,-2.0,2.90672e-09,0.33822199999999997,3
8,5,-2.0,9.84609e-10,0.464001,3
9,5,-2.0,4.54324e-08,0.443112,3
10,5,-2.0,7.40811e-10,0.44755599999999995,3
11,5,-2.0,2.8132e-09,0.450667,3
12,5,-2.0,9.50124e-10,0.5160009999999999,3
13,5,-2.0,4.47616e-09,0.7600009999999999,3
14,5,-2.0,1.84857e-07,0.936001,3
15,5,-2.0,3.53858e-09,0.815557,3
16,5,-2.0,5.91627e-09,0.771111,3
17,5,-2.0,2.28007e-09,0.599556,3
18,5,-2.0,2.34629e-09,0.704889,3
19,5,-2.0,1.28533e-09,0.672445,3
20,5,-2.0,2.15388e-09,0.874223,3
21,5,-2.0,5.85764e-10,0.424,3
22,5,-2.0,1.70718e-10,0.47955499999999995,3
23,5,-2.0,9.47803e-10,0.49066699999999996,3
24,5,-2.0,8.7044e-08,0.497334,3
25,5,-2.0,1.49154e-09,0.444889,3
26,5,-2.0,3.64312e-08,0.597779,3
27,5,-2.0,3.435e-09,0.801334,3
28,5,-2.0,9.46015e-09,0.7911119999999999,3
29,5,-2.0,1.49581e-09,0.6142219999999999,3
30,5,-2.0,1.70173e-06,1.0248899999999999,3
31,5,-2.0,2.23239e-07,0.9275559999999999,3
32,5,-2.0,1.01617e-08,0.646667,3
33,5,-2.0,2.18783e-07,0.566222,3
34,5,-2.0,2.77815e-09,0.588889,3
35,5,-2.0,1.75215e-08,0.5475559999999999,3
36,5,-2.0,9.32272e-09,0.630667,3
37,5,-2.0,9.47636e-09,0.5435559999999999,3
38,5,-2.0,5.82857e-10,0.591556,3
39,5,-2.0,2.3323e-08,0.536889,3
40,5,-2.0,6.17549e-09,0.523556,3
41,5,-2.0,9.16675e-09,0.529778,3
42,5,-2.0,1.89792e-10,0.560889,3
43,5,-2.0,7.15834e-10,0.7062229999999999,3
44,5,-2.0,1.56023e-08,0.6639999999999999,3
45,5,-2.0,2.30277e-09,0.47733299999999995,3
46,5,-2.0,3.40756e-08,0.48666699999999996,3
47,5,-2.0,7.97557e-09,0.48622299999999996,3
48,5,-2.0,1.28931e-08,0.508,3
49,5,-2.0,2.36104e-09,0.512,3
50,5,-2.0,1.2455e-08,0.522667,3
51,5,-2.0,3.58561e-09,0.5204449999999999,3
52,5,-2.0,2.6567e-10,0.5471119999999999,3
53,5,-2.0,1.31e-09,0.549779,3
54,5,-2.0,1.2938e-09,0.825778,3
55,5,-2.0,8.4174e-10,0.759111,3
56,5,-2.0,4.6963e-09,0.757334,3
57,5,-2.0,6.5237e-10,0.805334,3
58,5,-2.0,4.93223e-09,0.7768889999999999,3
59,5,-2.0,2.27303e-09,1.175112,3
60,5,-2.0,1.53312e-09,0.789779,3
61,5,-2.0,8.50569e-10,0.7328899999999999,3
62,5,-2.0,5.37686e-10,0.8217789999999999,3
63,5,-2.0,5.05816e-10,0.8333339999999999,3
64,5,-2.0,2.15352e-08,0.575556,3
65,5,-2.0,2.57928e-08,0.487556,3
66,5,-2.0,3.8977e-09,0.439112,3
67,5,-2.0,4.50693e-10,0.52089,3
68,5,-2.0,2.05433e-10,0.545778,3
69,5,-2.0,2.35366e-10,0.500445,3
70,5,-2.0,1.3406e-09,0.443111,3
71,5,-2.0,3.61778e-06,0.469334,3
72,5,-2.0,2.47243e-09,0.49422299999999997,3
73,5,-2.0,3.43928e-09,0.48044499999999996,3
74,5,-2.0,3.96789e-10,0.592445,3
75,5,-2.0,3.14849e-09,0.540445,3
76,5,-2.0,1.67275e-09,0.477334,3
77,5,-2.0,4.41327e-08,0.507556,3
78,5,-2.0,5.03398e-09,0.5355559999999999,3
79,5,-2.0,1.823e-09,0.477778,3
80,5,-2.0,6.33687e-10,0.52,3
81,5,-2.0,9.75136e-10,0.5862229999999999,3
82,5,-2.0,1.33731e-08,0.462667,3
83,5,-2.0,1.46594e-09,0.428,3
84,5,-2.0,9.76583e-10,0.444001,3
85,5,-2.0,1.22671e-08,0.460445,3
86,5,-2.0,3.96376e-09,0.479556,3
87,5,-2.0,2.85711e-09,0.447111,3
88,5,-2.0,6.02304e-09,0.5395559999999999,3
89,5,-2.0,3.69059e-09,0.552889,3
90,5,-2.0,1.31289e-08,0.504001,3
91,5,-2.0,1.54606e-08,0.544445,3
92,5,-2.0,1.67807e-09,0.532445,3
93,5,-2.0,8.90228e-09,0.5351119999999999,3
94,5,-2.0,4.00006e-07,0.7213339999999999,3
95,5,-2.0,1.66227e-09,0.514223,3
96,5,-2.0,2.6986e-10,0.538222,3
97,5,-2.0,2.3413e-09,0.519111,3
98,5,-2.0,1.58041e-09,0.49600099999999997,3
99,5,-2.0,6.266e-09,0.739556,3
0,5,-3.0,1.19877e-08,0.819557,3
1,5,-3.0,1.06615e-08,0.66489,3
2,5,-3.0,2.54465e-09,0.8066679999999999,3
3,5,-3.0,1.56639e-07,0.669334,3
4,5,-3.0,4.2883e-09,0.6902229999999999,3
5,5,-3.0,4.10053e-10,0.6048899999999999,3
6,5,-3.0,7.47886e-08,0.737779,3
7,5,-3.0,1.99147e-09,1.0902239999999999,3
8,5,-3.0,9.74373e-09,0.8222229999999999,3
9,5,-3.0,1.12661e-09,0.8106669999999999,3
10,5,-3.0,1.09154e-08,0.673334,3
11,5,-3.0,7.80453e-09,0.917334,3
12,5,-3.0,1.71483e-09,0.769779,3
13,5,-3.0,4.37116e-09,0.45733399999999996,3
14,5,-3.0,1.84156e-08,0.5399999999999999,3
15,5,-3.0,1.07888e-09,0.45999999999999996,3
16,5,-3.0,7.21706e-09,0.394223,3
17,5,-3.0,2.45576e-09,0.43733299999999997,3
18,5,-3.0,8.1253e-10,0.459111,3
19,5,-3.0,7.27316e-09,0.506667,3
20,5,-3.0,6.19891e-07,0.536445,3
21,5,-3.0,7.40088e-08,0.509779,3
22,5,-3.0,1.27075e-08,0.46133399999999997,3
23,5,-3.0,1.32397e-09,0.414223,3
24,5,-3.0,1.29265e-09,0.505778,3
25,5,-3.0,1.63996e-08,0.475111,3
26,5,-3.0,3.53466e-10,0.813334,3
27,5,-3.0,1.36403e-09,0.562668,3
28,5,-3.0,1.0273e-09,0.81689,3
29,5,-3.0,5.42284e-09,0.706668,3
30,5,-3.0,5.59954e-09,0.668445,3
31,5,-3.0,4.47476e-08,0.572445,3
32,5,-3.0,5.35403e-10,0.594222,3
33,5,-3.0,3.67158e-09,0.5,3
34,5,-3.0,2.5876e-08,0.46799999999999997,3
35,5,-3.0,9.16702e-09,0.608445,3
36,5,-3.0,4.03561e-10,0.49066699999999996,3
37,5,-3.0,7.26287e-10,0.410667,3
38,5,-3.0,9.75559e-08,0.499556,3
39,5,-3.0,3.46392e-09,0.522223,3
40,5,-3.0,9.17062e-10,0.595112,3
41,5,-3.0,5.87366e-09,0.564445,3
42,5,-3.0,5.9335e-09,0.5359999999999999,3
43,5,-3.0,4.74357e-10,0.556889,3
44,5,-3.0,6.15508e-09,0.510222,3
45,5,-3.0,1.97845e-09,0.621333,3
46,5,-3.0,4.84443e-09,0.42666699999999996,3
47,5,-3.0,1.90332e-09,0.594667,3
48,5,-3.0,1.69074e-08,0.446223,3
49,5,-3.0,3.84152e-09,0.602223,3
50,5,-3.0,1.83962e-08,0.516,3
51,5,-3.0,4.19297e-09,0.618667,3
52,5,-3.0,5.03053e-09,0.56889,3
53,5,-3.0,3.25848e-09,0.681778,3
54,5,-3.0,7.02539e-10,0.556889,3
55,5,-3.0,1.00903e-06,0.758223,3
56,5,-3.0,1.40001e-09,0.6484449999999999,3
57,5,-3.0,3.18198e-09,0.748,3
58,5,-3.0,2.58254e-09,0.664001,3
59,5,-3.0,8.46342e-09,0.7146669999999999,3
60,5,-3.0,7.40072e-09,0.585333,3
61,5,-3.0,2.20285e-09,0.5862229999999999,3
62,5,-3.0,1.06493e-08,0.6275569999999999,3
63,5,-3.0,2.06428e-10,0.627112,3
64,5,-3.0,1.97244e-09,0.558667,3
65,5,-3.0,4.55022e-09,0.55689,3
66,5,-3.0,1.52796e-08,0.573334,3
67,5,-3.0,3.57462e-07,0.5435559999999999,3
68,5,-3.0,7.06832e-10,0.5782229999999999,3
69,5,-3.0,4.34398e-09,0.6048899999999999,3
70,5,-3.0,1.01105e-08,0.620889,3
71,5,-3.0,7.33126e-07,0.943557,3
72,5,-3.0,1.93145e-08,0.510223,3
73,5,-3.0,1.1464e-08,0.46177799999999997,3
74,5,-3.0,2.44019e-06,0.483112,3
75,5,-3.0,9.2212e-09,0.525778,3
76,5,-3.0,5.17875e-09,0.437778,3
77,5,-3.0,5.92717e-09,0.469334,3
78,5,-3.0,3.6855e-09,0.495556,3
79,5,-3.0,6.87151e-09,0.519556,3
80,5,-3.0,1.5752e-10,0.472444,3
81,5,-3.0,8.95985e-10,0.408445,3
82,5,-3.0,4.35001e-09,0.522667,3
83,5,-3.0,2.03782e-09,0.426222,3
84,5,-3.0,2.7018e-08,0.415111,3
85,5,-3.0,1.6182e-08,0.47911099999999995,3
86,5,-3.0,9.34075e-08,0.45288999999999996,3
87,5,-3.0,1.96274e-09,0.369334,3
88,5,-3.0,6.33654e-09,0.475556,3
89,5,-3.0,3.11105e-09,0.581334,3
90,5,-3.0,7.5718e-08,0.44977799999999996,3
91,5,-3.0,3.7497e-10,0.571556,3
92,5,-3.0,5.80424e-09,0.46533399999999997,3
93,5,-3.0,1.64927e-08,0.499112,3
94,5,-3.0,9.3104e-09,0.503111,3
95,5,-3.0,1.60847e-09,0.548889,3
96,5,-3.0,5.56333e-10,0.531112,3
97,5,-3.0,4.2125e-09,0.580889,3
98,5,-3.0,3.6622e-10,0.657334,3
99,5,-3.0,3.71072e-09,0.662667,3
0,5,-4.0,3.43225e-08,0.724,3
1,5,-4.0,7.78813e-09,0.5746669999999999,3
2,5,-4.0,2.13276e-09,0.768,3
3,5,-4.0,1.39892e-09,0.788001,3
4,5,-4.0,9.17304e-10,0.840001,3
5,5,-4.0,1.15361e-09,0.7253339999999999,3
6,5,-4.0,1.05088e-08,0.7448899999999999,3
7,5,-4.0,3.35018e-09,0.593779,3
8,5,-4.0,1.70928e-09,0.43688899999999997,3
9,5,-4.0,1.11863e-07,0.703112,3
10,5,-4.0,5.64395e-10,0.7955559999999999,3
11,5,-4.0,6.87196e-09,0.5817789999999999,3
12,5,-4.0,1.24595e-09,0.682667,3
13,5,-4.0,3.74433e-08,0.6751119999999999,3
14,5,-4.0,7.01623e-09,0.486222,3
15,5,-4.0,1.07461e-09,0.500445,3
16,5,-4.0,4.89596e-08,0.465333,3
17,5,-4.0,1.08918e-08,0.532889,3
18,5,-4.0,2.16851e-10,0.49689,3
19,5,-4.0,3.99568e-09,0.6635559999999999,3
20,5,-4.0,1.40575e-09,0.867112,3
21,5,-4.0,5.86136e-09,0.851111,3
22,5,-4.0,3.08237e-07,0.506223,3
23,5,-4.0,3.90266e-09,0.47688899999999995,3
24,5,-4.0,1.61374e-09,0.500001,3
25,5,-4.0,2.99618e-09,0.689334,3
26,5,-4.0,2.65512e-08,0.670223,3
27,5,-4.0,7.36355e-09,0.6213339999999999,3
28,5,-4.0,4.17311e-10,0.505333,3
29,5,-4.0,2.2145e-08,0.6137779999999999,3
30,5,-4.0,2.71921e-09,0.526667,3
31,5,-4.0,2.49416e-11,0.49066699999999996,3
32,5,-4.0,2.54426e-09,0.49066699999999996,3
33,5,-4.0,8.07777e-09,0.531556,3
34,5,-4.0,5.74413e-09,0.472889,3
35,5,-4.0,5.79904e-09,0.426222,3
36,5,-4.0,7.13469e-09,0.533334,3
37,5,-4.0,1.98528e-10,0.5866669999999999,3
38,5,-4.0,3.54664e-08,0.504445,3
39,5,-4.0,1.28511e-09,0.491556,3
40,5,-4.0,7.93564e-10,0.356444,3
41,5,-4.0,1.13171e-08,0.5248889999999999,3
42,5,-4.0,2.22615e-09,0.424,3
43,5,-4.0,9.8674e-09,0.444001,3
44,5,-4.0,2.24593e-09,0.462667,3
45,5,-4.0,1.44662e-09,0.588445,3
46,5,-4.0,9.60515e-10,0.383111,3
47,5,-4.0,2.05199e-08,0.600445,3
48,5,-4.0,5.01016e-09,0.449333,3
49,5,-4.0,2.88523e-09,0.411556,3
50,5,-4.0,5.19997e-09,0.49822299999999997,3
51,5,-4.0,1.34176e-09,0.5671109999999999,3
52,5,-4.0,3.82467e-10,0.49777899999999997,3
53,5,-4.0,7.89171e-10,0.447555,3
54,5,-4.0,1.16358e-08,0.487112,3
55,5,-4.0,2.46132e-09,0.525334,3
56,5,-4.0,1.36513e-09,0.474667,3
57,5,-4.0,1.14948e-08,0.52089,3
58,5,-4.0,5.43878e-09,0.504445,3
59,5,-4.0,6.83484e-09,0.532889,3
60,5,-4.0,1.04205e-08,0.513778,3
61,5,-4.0,2.53197e-10,0.495556,3
62,5,-4.0,7.04303e-09,0.415556,3
63,5,-4.0,1.38288e-08,0.477778,3
64,5,-4.0,9.93637e-10,0.519112,3
65,5,-4.0,8.97114e-09,0.761334,3
66,5,-4.0,6.99454e-09,0.537333,3
67,5,-4.0,2.39102e-08,0.577334,3
68,5,-4.0,5.26208e-08,0.6048899999999999,3
69,5,-4.0,1.24371e-09,0.883556,3
70,5,-4.0,5.41204e-09,0.517334,3
71,5,-4.0,4.28316e-10,0.697334,3
72,5,-4.0,1.08187e-08,1.0435569999999998,3
73,5,-4.0,1.74511e-09,0.856445,3
74,5,-4.0,1.8014e-09,0.608001,3
75,5,-4.0,4.81382e-09,0.77289,3
76,5,-4.0,6.37013e-09,1.190223,3
77,5,-4.0,1.59417e-09,0.7524449999999999,3
78,5,-4.0,3.53316e-09,0.49288899999999997,3
79,5,-4.0,1.10031e-09,0.500001,3
80,5,-4.0,3.04138e-08,0.700001,3
81,5,-4.0,8.24315e-10,0.6364449999999999,3
82,5,-4.0,9.61014e-10,0.616001,3
83,5,-4.0,4.73002e-10,0.45333399999999996,3
84,5,-4.0,1.01481e-09,0.437778,3
85,5,-4.0,2.89739e-09,0.439556,3
86,5,-4.0,7.72788e-10,0.392445,3
87,5,-4.0,2.32431e-09,0.52089,3
88,5,-4.0,8.39005e-08,0.452445,3
89,5,-4.0,2.6674e-08,0.36488899999999996,3
90,5,-4.0,9.34172e-10,0.48711099999999996,3
91,5,-4.0,5.23207e-07,0.442667,3
92,5,-4.0,2.05922e-09,0.391111,3
93,5,-4.0,1.22332e-08,0.5164449999999999,3
94,5,-4.0,1.76488e-09,0.418222,3
95,5,-4.0,1.50551e-09,0.820445,3
96,5,-4.0,8.22338e-10,0.87689,3
97,5,-4.0,5.42824e-09,0.494222,3
98,5,-4.0,2.62552e-09,0.367556,3
99,5,-4.0,6.40863e-09,0.50489,3
0,5,-5.0,5.36409e-09,0.487556,3
1,5,-5.0,1.13871e-09,0.486222,3
2,5,-5.0,3.50211e-09,0.509778,3
3,5,-5.0,1.23714e-07,0.537778,3
4,5,-5.0,7.52347e-09,0.519556,3
5,5,-5.0,7.46206e-09,0.414223,3
6,5,-5.0,1.67849e-09,0.42400099999999996,3
7,5,-5.0,1.08116e-09,0.572445,3
8,5,-5.0,1.55217e-10,0.506223,3
9,5,-5.0,7.23566e-09,0.437334,3
10,5,-5.0,4.10766e-09,0.503111,3
11,5,-5.0,1.87456e-08,0.5088889999999999,3
12,5,-5.0,4.68636e-09,0.48488899999999996,3
13,5,-5.0,2.23877e-10,0.477778,3
14,5,-5.0,1.85988e-09,0.497778,3
15,5,-5.0,2.05529e-09,0.777778,3
16,5,-5.0,1.6781e-08,0.749334,3
17,5,-5.0,3.6502e-09,0.602667,3
18,5,-5.0,1.22859e-07,0.677778,3
19,5,-5.0,3.29707e-09,0.732889,3
20,5,-5.0,6.49641e-09,0.573778,3
21,5,-5.0,1.48035e-09,0.5742229999999999,3
22,5,-5.0,1.07716e-08,0.6097779999999999,3
23,5,-5.0,5.72823e-09,0.51289,3
24,5,-5.0,1.33716e-08,0.643112,3
25,5,-5.0,7.52288e-10,0.673778,3
26,5,-5.0,9.56541e-09,0.66489,3
27,5,-5.0,1.46221e-08,0.647556,3
28,5,-5.0,4.90488e-08,0.634667,3
29,5,-5.0,2.00821e-08,0.657333,3
30,5,-5.0,2.14254e-08,0.8297789999999999,3
31,5,-5.0,2.30491e-09,0.48844499999999996,3
32,5,-5.0,1.15703e-09,0.631112,3
33,5,-5.0,5.90655e-08,0.746223,3
34,5,-5.0,1.49619e-08,0.572889,3
35,5,-5.0,3.33315e-09,0.5431119999999999,3
36,5,-5.0,9.72032e-10,0.645334,3
37,5,-5.0,5.37096e-09,0.6217779999999999,3
38,5,-5.0,2.51046e-09,0.542223,3
39,5,-5.0,4.42073e-08,0.588,3
40,5,-5.0,1.54396e-07,0.635111,3
41,5,-5.0,2.07948e-09,0.561778,3
42,5,-5.0,3.17971e-08,0.7133339999999999,3
43,5,-5.0,2.66552e-08,0.620001,3
44,5,-5.0,1.36149e-08,0.6977789999999999,3
45,5,-5.0,9.80414e-10,0.609779,3
46,5,-5.0,4.10566e-09,0.680001,3
47,5,-5.0,7.26609e-09,0.448889,3
48,5,-5.0,3.16326e-09,0.632,3
49,5,-5.0,1.35717e-09,0.560889,3
50,5,-5.0,8.87623e-09,0.6937789999999999,3
51,5,-5.0,7.68506e-09,0.548445,3
52,5,-5.0,1.29223e-09,0.591556,3
53,5,-5.0,4.61171e-10,0.577334,3
54,5,-5.0,9.26774e-10,0.527112,3
55,5,-5.0,2.40651e-09,0.6711119999999999,3
56,5,-5.0,2.17724e-09,0.509334,3
57,5,-5.0,2.95742e-09,0.620001,3
58,5,-5.0,1.27307e-08,0.5551119999999999,3
59,5,-5.0,9.3312e-09,0.654667,3
60,5,-5.0,1.33475e-08,0.544889,3
61,5,-5.0,3.88236e-09,0.6097779999999999,3
62,5,-5.0,4.55918e-09,0.615112,3
63,5,-5.0,5.96345e-09,0.529334,3
64,5,-5.0,4.85188e-09,0.69689,3
65,5,-5.0,6.58498e-10,0.417778,3
66,5,-5.0,1.01275e-08,0.41911099999999996,3
67,5,-5.0,1.71281e-09,0.46311199999999997,3
68,5,-5.0,5.83228e-09,0.77289,3
69,5,-5.0,2.82688e-08,0.503111,3
70,5,-5.0,1.2154e-08,0.5213329999999999,3
71,5,-5.0,7.80875e-09,0.433334,3
72,5,-5.0,8.41212e-10,0.441778,3
73,5,-5.0,1.15542e-08,0.5791109999999999,3
74,5,-5.0,3.31643e-08,0.531556,3
75,5,-5.0,1.12614e-08,0.5595559999999999,3
76,5,-5.0,5.66526e-10,0.48800099999999996,3
77,5,-5.0,3.22981e-09,0.558223,3
78,5,-5.0,3.38702e-09,0.564445,3
79,5,-5.0,7.46346e-09,0.475111,3
80,5,-5.0,1.16251e-08,0.639111,3
81,5,-5.0,1.21949e-08,0.521334,3
82,5,-5.0,1.87402e-09,0.648,3
83,5,-5.0,7.05619e-08,0.404889,3
84,5,-5.0,3.92282e-09,0.460445,3
85,5,-5.0,1.46131e-10,0.526223,3
86,5,-5.0,1.51771e-09,0.376,3
87,5,-5.0,7.02266e-10,0.433334,3
88,5,-5.0,4.8656e-10,0.48844499999999996,3
89,5,-5.0,5.96618e-10,0.376001,3
90,5,-5.0,1.186e-08,0.38,3
91,5,-5.0,4.0099e-09,0.473778,3
92,5,-5.0,3.57733e-10,0.42888899999999996,3
93,5,-5.0,5.26745e-09,0.37244499999999997,3
94,5,-5.0,8.7521e-07,0.448001,3
95,5,-5.0,2.77178e-10,0.493778,3
96,5,-5.0,6.66261e-09,0.374223,3
97,5,-5.0,9.52833e-10,0.380889,3
98,5,-5.0,6.2754e-09,0.47866699999999995,3
99,5,-5.0,3.273e-09,0.38089,3
0,10,-1.0,2.49607e-07,1.467113,3
1,10,-1.0,7.70025e-09,1.37689,3
2,10,-1.0,2.26513e-06,1.4928899999999998,3
3,10,-1.0,4.3792e-06,1.594668,3
4,10,-1.0,6.98821e-07,1.269334,3
5,10,-1.0,3.40573e-09,1.1497789999999999,3
6,10,-1.0,3.52037e-08,1.435112,3
7,10,-1.0,1.08665e-08,1.258224,3
8,10,-1.0,4.3299e-08,1.000889,3
9,10,-1.0,8.10821e-09,1.116001,3
10,10,-1.0,1.7195e-08,1.2382229999999999,3
11,10,-1.0,9.00032e-09,1.3817789999999999,3
12,10,-1.0,8.52757e-08,1.330223,3
13,10,-1.0,9.78962e-09,1.177778,3
14,10,-1.0,1.01495e-08,1.2582229999999999,3
15,10,-1.0,1.72658e-08,1.105778,3
16,10,-1.0,6.78301e-08,1.193334,3
17,10,-1.0,7.6033e-08,1.410668,3
18,10,-1.0,8.95219e-07,1.269779,3
19,10,-1.0,1.64418e-09,1.1946679999999998,3
20,10,-1.0,4.83464e-08,1.399112,3
21,10,-1.0,2.27946e-08,1.509779,3
22,10,-1.0,2.43645e-08,1.236446,3
23,10,-1.0,1.31184e-07,1.274224,3
24,10,-1.0,1.5678e-07,1.292446,3
25,10,-1.0,4.84262e-08,1.835113,3
26,10,-1.0,1.50054e-06,1.7648899999999998,3
27,10,-1.0,4.60552e-08,1.32489,3
28,10,-1.0,2.01287e-06,1.770224,3
29,10,-1.0,7.33486e-08,1.728891,3
30,10,-1.0,3.82443e-08,1.414668,3
31,10,-1.0,2.59584e-08,1.4031129999999998,3
32,10,-1.0,2.69253e-08,1.4320009999999999,3
33,10,-1.0,1.3601e-06,1.461334,3
34,10,-1.0,9.00229e-07,1.68489,3
35,10,-1.0,1.29975e-07,1.287112,3
36,10,-1.0,1.92211e-07,1.366668,3
37,10,-1.0,1.56244e-08,1.64489,3
38,10,-1.0,1.93626e-07,1.1871129999999999,3
39,10,-1.0,5.74466e-08,1.845335,3
40,10,-1.0,1.55741e-08,1.863113,3
41,10,-1.0,1.80465e-08,2.161335,3
42,10,-1.0,5.68819e-08,1.622223,3
43,10,-1.0,6.0425e-09,1.244445,3
44,10,-1.0,1.6584e-08,1.225779,3
45,10,-1.0,1.68974e-08,1.192446,3
46,10,-1.0,2.23268e-08,1.250668,3
47,10,-1.0,1.87466e-08,1.18089,3
48,10,-1.0,1.97196e-08,1.1111119999999999,3
49,10,-1.0,5.11559e-09,1.094668,3
50,10,-1.0,4.54285e-08,1.88978,3
51,10,-1.0,1.9332e-08,1.312446,3
52,10,-1.0,7.47543e-07,1.4071129999999998,3
53,10,-1.0,2.8849e-08,1.660891,3
54,10,-1.0,3.5339e-08,1.500001,3
55,10,-1.0,9.5294e-08,1.329779,3
56,10,-1.0,2.32091e-08,0.882223,3
57,10,-1.0,5.95557e-08,0.968445,3
58,10,-1.0,3.47196e-08,1.273779,3
59,10,-1.0,9.83314e-09,1.10889,3
60,10,-1.0,3.77602e-07,1.1720009999999998,3
61,10,-1.0,9.9318e-07,1.143556,3
62,10,-1.0,1.13796e-08,1.213779,3
63,10,-1.0,6.27064e-08,1.316001,3
64,10,-1.0,6.02967e-08,1.070667,3
65,10,-1.0,8.23353e-08,1.181779,3
66,10,-1.0,6.57176e-08,1.32089,3
67,10,-1.0,1.63584e-06,1.028001,3
68,10,-1.0,6.6994e-09,1.038668,3
69,10,-1.0,1.36726e-08,1.086667,3
70,10,-1.0,1.23802e-08,1.1880009999999999,3
71,10,-1.0,1.63723e-07,1.16489,3
72,10,-1.0,1.14042e-07,1.0644449999999999,3
73,10,-1.0,1.97549e-08,0.980001,3
74,10,-1.0,1.44621e-07,1.256001,3
75,10,-1.0,6.74999e-08,1.24489,3
76,10,-1.0,3.52753e-08,1.249779,3
77,10,-1.0,1.48232e-08,1.410223,3
78,10,-1.0,7.03866e-09,1.7440019999999998,3
79,10,-1.0,1.94144e-08,1.245779,3
80,10,-1.0,3.34573e-09,1.762224,3
81,10,-1.0,2.68093e-08,1.537335,3
82,10,-1.0,2.62156e-07,0.908889,3
83,10,-1.0,3.76797e-07,0.8733339999999999,3
84,10,-1.0,3.25784e-08,1.227557,3
85,10,-1.0,8.15837e-09,1.243112,3
86,10,-1.0,8.43266e-09,1.316001,3
87,10,-1.0,6.07366e-09,1.153335,3
88,10,-1.0,4.55477e-08,1.19289,3
89,10,-1.0,6.31036e-08,1.078668,3
90,10,-1.0,1.39287e-08,1.071556,3
91,10,-1.0,4.72116e-09,1.088001,3
92,10,-1.0,1.35205e-08,1.161779,3
93,10,-1.0,9.74755e-09,1.131557,3
94,10,-1.0,1.63995e-08,1.2080009999999999,3
95,10,-1.0,6.54175e-09,1.09289,3
96,10,-1.0,6.27335e-07,1.053779,3
97,10,-1.0,5.61649e-09,1.038223,3
98,10,-1.0,1.73303e-08,1.117334,3
99,10,-1.0,3.02326e-09,1.126223,3
0,10,-2.0,7.27302e-09,1.102668,3
1,10,-2.0,3.12569e-06,1.124446,3
2,10,-2.0,3.10076e-07,1.39689,3
3,10,-2.0,4.71664e-07,1.199557,3
4,10,-2.0,3.2848e-08,1.197778,3
5,10,-2.0,1.38815e-08,1.368002,3
6,10,-2.0,6.89624e-08,1.597334,3
7,10,-2.0,1.13239e-06,1.6137789999999999,3
8,10,-2.0,2.40893e-08,1.704002,3
9,10,-2.0,3.98056e-09,1.267557,3
10,10,-2.0,6.39467e-09,1.588446,3
11,10,-2.0,1.22725e-07,1.84578,3
12,10,-2.0,8.85726e-07,1.744891,3
13,10,-2.0,5.95277e-09,1.63689,3
14,10,-2.0,3.74265e-08,1.596001,3
15,10,-2.0,1.69684e-08,1.318223,3
16,10,-2.0,1.14557e-06,1.60089,3
17,10,-2.0,8.04421e-09,1.560446,3
18,10,-2.0,2.91289e-08,1.607557,3
19,10,-2.0,7.55398e-09,1.5173349999999999,3
20,10,-2.0,6.65603e-09,1.2426679999999999,3
21,10,-2.0,2.04089e-08,1.292446,3
22,10,-2.0,3.89428e-08,1.207112,3
23,10,-2.0,6.5929e-08,1.084889,3
24,10,-2.0,9.1667e-08,1.10889,3
25,10,-2.0,3.81049e-07,1.078668,3
26,10,-2.0,6.74213e-08,1.097779,3
27,10,-2.0,2.30214e-08,1.2031129999999999,3
28,10,-2.0,2.28928e-08,1.350668,3
29,10,-2.0,3.96525e-08,1.020446,3
30,10,-2.0,6.10804e-08,1.252001,3
31,10,-2.0,3.69298e-08,1.1573339999999999,3
32,10,-2.0,6.24739e-09,1.054224,3
33,10,-2.0,5.06179e-08,1.2151129999999999,3
34,10,-2.0,6.79498e-07,1.206224,3
35,10,-2.0,9.26851e-09,1.142223,3
36,10,-2.0,1.32861e-08,1.248446,3
37,10,-2.0,1.36264e-08,1.2760019999999999,3
38,10,-2.0,2.43679e-08,1.178668,3
39,10,-2.0,2.83665e-08,1.18889,3
40,10,-2.0,4.84583e-08,1.174223,3
41,10,-2.0,1.34642e-07,1.20089,3
42,10,-2.0,4.23877e-09,1.320001,3
43,10,-2.0,1.13488e-07,0.973779,3
44,10,-2.0,2.86088e-08,1.060001,3
45,10,-2.0,1.3125e-07,1.138223,3
46,10,-2.0,3.54363e-08,1.102668,3
47,10,-2.0,6.64125e-08,1.3711119999999999,3
48,10,-2.0,7.69115e-08,1.4013339999999999,3
49,10,-2.0,1.16153e-07,1.2195559999999999,3
50,10,-2.0,2.94504e-07,1.2617779999999998,3
51,10,-2.0,5.92308e-08,1.321779,3
52,10,-2.0,6.22398e-09,1.1720009999999998,3
53,10,-2.0,1.90199e-07,1.5248899999999999,3
54,10,-2.0,4.35916e-07,1.302668,3
55,10,-2.0,4.57009e-08,1.643557,3
56,10,-2.0,2.55661e-08,1.027112,3
57,10,-2.0,6.87973e-08,1.09689,3
58,10,-2.0,7.70206e-09,0.937778,3
59,10,-2.0,1.35642e-07,1.241334,3
60,10,-2.0,1.80937e-08,1.186224,3
61,10,-2.0,1.77804e-07,1.100001,3
62,10,-2.0,2.83694e-08,1.287556,3
63,10,-2.0,1.9415e-06,1.531113,3
64,10,-2.0,4.2573e-09,1.62578,3
65,10,-2.0,5.45182e-08,1.487557,3
66,10,-2.0,2.91985e-08,1.2502229999999999,3
67,10,-2.0,1.16876e-08,1.22889,3
68,10,-2.0,4.3903e-08,1.2622229999999999,3
69,10,-2.0,1.431e-08,1.253779,3
70,10,-2.0,1.15287e-07,1.313335,3
71,10,-2.0,5.03e-09,1.157779,3
72,10,-2.0,4.25457e-08,1.321334,3
73,10,-2.0,6.22089e-08,1.207557,3
74,10,-2.0,1.35063e-07,1.281779,3
75,10,-2.0,1.46633e-08,1.146668,3
76,10,-2.0,6.40744e-09,1.2875569999999998,3
77,10,-2.0,6.67898e-08,1.1151119999999999,3
78,10,-2.0,2.74974e-08,1.18889,3
79,10,-2.0,2.641e-06,1.480446,3
80,10,-2.0,1.43521e-08,1.165779,3
81,10,-2.0,6.4099e-08,1.827113,3
82,10,-2.0,4.09242e-07,1.1466669999999999,3
83,10,-2.0,9.20618e-09,1.110223,3
84,10,-2.0,5.4871e-08,1.406667,3
85,10,-2.0,2.01211e-08,1.7217799999999999,3
86,10,-2.0,7.60146e-08,1.8342239999999999,3
87,10,-2.0,5.10365e-08,1.8768909999999999,3
88,10,-2.0,6.14726e-08,1.1600009999999998,3
89,10,-2.0,3.40572e-08,0.9848899999999999,3
90,10,-2.0,4.94847e-09,1.122223,3
91,10,-2.0,5.89518e-08,1.111556,3
92,10,-2.0,4.35302e-06,1.047556,3
93,10,-2.0,1.09002e-05,1.143112,3
94,10,-2.0,5.97372e-09,1.143112,3
95,10,-2.0,9.85897e-09,1.1537789999999999,3
96,10,-2.0,1.03828e-08,1.197334,3
97,10,-2.0,5.60228e-07,1.188445,3
98,10,-2.0,1.19503e-07,1.1773339999999999,3
99,10,-2.0,3.15187e-07,1.2262229999999998,3
0,10,-3.0,8.54249e-08,1.764446,3
1,10,-3.0,3.49599e-08,1.344446,3
2,10,-3.0,1.51827e-08,1.288001,3
3,10,-3.0,9.18794e-09,1.4244459999999999,3
4,10,-3.0,4.81895e-08,1.309335,3
5,10,-3.0,7.08296e-09,1.4080009999999998,3
6,10,-3.0,1.22348e-08,1.329335,3
7,10,-3.0,7.68551e-07,0.943556,3
8,10,-3.0,2.47949e-08,1.0488899999999999,3
9,10,-3.0,4.92473e-09,0.9764459999999999,3
10,10,-3.0,4.42584e-08,1.0208899999999999,3
11,10,-3.0,1.35352e-08,0.983556,3
12,10,-3.0,8.41995e-07,1.050667,3
13,10,-3.0,1.22288e-08,1.0142229999999999,3
14,10,-3.0,7.58681e-08,0.997779,3
15,10,-3.0,3.05849e-07,1.1537789999999999,3
16,10,-3.0,1.43374e-07,1.067556,3
17,10,-3.0,4.26862e-08,1.199112,3
18,10,-3.0,4.77948e-08,1.273334,3
19,10,-3.0,1.18327e-08,1.175112,3
20,10,-3.0,1.65506e-07,1.161779,3
21,10,-3.0,2.37044e-08,1.069779,3
22,10,-3.0,3.48142e-07,1.00889,3
23,10,-3.0,8.43047e-09,1.256446,3
24,10,-3.0,1.5784e-08,0.9533339999999999,3
25,10,-3.0,4.72578e-08,1.173779,3
26,10,-3.0,7.96038e-08,1.0951119999999999,3
27,10,-3.0,9.38701e-08,1.273334,3
28,10,-3.0,2.20834e-07,1.516446,3
29,10,-3.0,1.56532e-08,1.396445,3
30,10,-3.0,1.03234e-07,1.193779,3
31,10,-3.0,1.08907e-08,1.08089,3
32,10,-3.0,7.33648e-09,1.821335,3
33,10,-3.0,1.53077e-08,1.867557,3
34,10,-3.0,4.77231e-09,1.7955569999999998,3
35,10,-3.0,1.09175e-08,0.825334,3
36,10,-3.0,6.39142e-08,1.485779,3
37,10,-3.0,3.03372e-08,1.84489,3
38,10,-3.0,1.94498e-08,1.675557,3
39,10,-3.0,3.54474e-08,1.8604459999999998,3
40,10,-3.0,3.57076e-08,1.22089,3
41,10,-3.0,1.07622e-07,0.6591119999999999,3
42,10,-3.0,8.49788e-08,1.061334,3
43,10,-3.0,6.89025e-09,1.662223,3
44,10,-3.0,3.82015e-09,1.8235569999999999,3
45,10,-3.0,2.74698e-08,1.7693349999999999,3
46,10,-3.0,7.4932e-07,1.580002,3
47,10,-3.0,5.7003e-08,1.695557,3
48,10,-3.0,7.26897e-08,1.79778,3
49,10,-3.0,3.24319e-08,1.788891,3
50,10,-3.0,2.56234e-09,1.607557,3
51,10,-3.0,4.25571e-09,1.6222239999999999,3
52,10,-3.0,4.49374e-08,0.945334,3
53,10,-3.0,6.06475e-08,1.436446,3
54,10,-3.0,3.06292e-09,1.3035569999999999,3
55,10,-3.0,4.73758e-07,1.7675569999999998,3
56,10,-3.0,2.83162e-07,1.502224,3
57,10,-3.0,7.77843e-08,1.039112,3
58,10,-3.0,2.1279e-08,1.398223,3
59,10,-3.0,1.21422e-08,1.182223,3
60,10,-3.0,3.26388e-08,1.051556,3
61,10,-3.0,5.50037e-09,1.162223,3
62,10,-3.0,7.32949e-09,1.31689,3
63,10,-3.0,1.61728e-08,1.2742229999999999,3
64,10,-3.0,8.45697e-08,1.005334,3
65,10,-3.0,3.55196e-08,1.124446,3
66,10,-3.0,1.60364e-07,1.265334,3
67,10,-3.0,8.66442e-09,1.1600009999999998,3
68,10,-3.0,1.19635e-08,1.379112,3
69,10,-3.0,1.61118e-08,1.162668,3
70,10,-3.0,2.13526e-07,1.698669,3
71,10,-3.0,1.35596e-07,1.390668,3
72,10,-3.0,3.59474e-09,1.0831119999999999,3
73,10,-3.0,6.37401e-08,1.663557,3
74,10,-3.0,1.68422e-08,2.059112,3
75,10,-3.0,5.91771e-09,2.1528899999999997,3
76,10,-3.0,6.98029e-07,1.356445,3
77,10,-3.0,1.74795e-07,1.030668,3
78,10,-3.0,1.17526e-08,1.517779,3
79,10,-3.0,2.81988e-08,1.165335,3
80,10,-3.0,5.85441e-09,1.049335,3
81,10,-3.0,7.94964e-09,0.941334,3
82,10,-3.0,6.9943e-08,1.200445,3
83,10,-3.0,2.27624e-08,1.313779,3
84,10,-3.0,1.29891e-08,1.227557,3
85,10,-3.0,9.15771e-09,1.317334,3
86,10,-3.0,2.54082e-09,1.374224,3
87,10,-3.0,6.40198e-09,1.0862239999999999,3
88,10,-3.0,5.36e-09,0.89689,3
89,10,-3.0,2.74207e-08,1.117335,3
90,10,-3.0,4.08613e-08,1.820002,3
91,10,-3.0,1.38308e-08,1.4080009999999998,3
92,10,-3.0,5.19771e-07,1.8697789999999999,3
93,10,-3.0,7.70733e-08,1.14889,3
94,10,-3.0,6.19012e-08,1.133778,3
95,10,-3.0,8.16468e-09,1.23689,3
96,10,-3.0,3.89546e-08,1.7417799999999999,3
97,10,-3.0,4.59791e-08,1.655112,3
98,10,-3.0,7.09678e-08,1.7413349999999999,3
99,10,-3.0,1.52366e-08,1.447112,3
0,10,-4.0,3.439e-08,1.087556,3
1,10,-4.0,9.53358e-09,0.902223,3
2,10,-4.0,2.72285e-08,0.794223,3
3,10,-4.0,6.88268e-09,0.8995559999999999,3
4,10,-4.0,6.95388e-07,0.819112,3
5,10,-4.0,2.5383e-07,0.9582229999999999,3
6,10,-4.0,1.54764e-07,0.967556,3
7,10,-4.0,1.3429e-08,1.078668,3
8,10,-4.0,3.02711e-08,2.014669,3
9,10,-4.0,4.72536e-09,0.918223,3
10,10,-4.0,6.71433e-08,1.053779,3
11,10,-4.0,6.55312e-09,0.8755569999999999,3
12,10,-4.0,2.74177e-08,0.8728899999999999,3
13,10,-4.0,2.06188e-09,1.716002,3
14,10,-4.0,3.72537e-08,1.165335,3
15,10,-4.0,5.33326e-08,1.260001,3
16,10,-4.0,1.06042e-08,0.879112,3
17,10,-4.0,9.14442e-08,1.279112,3
18,10,-4.0,4.46795e-08,1.2306679999999999,3
19,10,-4.0,1.82122e-07,1.329335,3
20,10,-4.0,1.94805e-06,0.9968889999999999,3
21,10,-4.0,1.95868e-08,1.1800009999999999,3
22,10,-4.0,3.21134e-08,1.688002,3
23,10,-4.0,1.63562e-07,1.81689,3
24,10,-4.0,9.06795e-07,0.976001,3
25,10,-4.0,9.27303e-09,0.999112,3
26,10,-4.0,2.0121e-07,0.9355559999999999,3
27,10,-4.0,4.74201e-09,0.885334,3
28,10,-4.0,9.54945e-09,1.259112,3
29,10,-4.0,7.53697e-08,0.850223,3
30,10,-4.0,3.81e-07,0.916001,3
31,10,-4.0,6.54574e-08,1.004445,3
32,10,-4.0,1.76497e-08,1.063112,3
33,10,-4.0,1.65685e-07,0.814668,3
34,10,-4.0,4.5304e-08,0.9275559999999999,3
35,10,-4.0,7.49877e-07,1.025779,3
36,10,-4.0,1.54748e-08,0.889334,3
37,10,-4.0,2.23354e-07,0.890223,3
38,10,-4.0,8.56754e-09,1.4400009999999999,3
39,10,-4.0,8.39942e-08,1.069334,3
40,10,-4.0,4.53263e-09,1.065779,3
41,10,-4.0,1.15102e-07,1.1297789999999999,3
42,10,-4.0,2.90374e-08,1.187112,3
43,10,-4.0,8.33519e-08,1.4706679999999999,3
44,10,-4.0,1.98811e-07,1.871113,3
45,10,-4.0,3.09622e-08,1.952002,3
46,10,-4.0,1.39105e-08,1.316446,3
47,10,-4.0,1.12338e-08,1.961336,3
48,10,-4.0,3.10037e-07,1.45289,3
49,10,-4.0,6.75012e-09,1.139556,3
50,10,-4.0,2.20446e-07,2.095113,3
51,10,-4.0,1.31083e-08,1.781779,3
52,10,-4.0,3.53029e-08,1.6977799999999998,3
53,10,-4.0,9.40273e-09,1.5982239999999999,3
54,10,-4.0,3.1356e-07,1.097334,3
55,10,-4.0,8.75026e-08,1.1946679999999998,3
56,10,-4.0,1.06398e-08,1.152445,3
57,10,-4.0,4.29675e-08,1.83778,3
58,10,-4.0,1.07189e-08,1.679112,3
59,10,-4.0,6.81899e-09,1.679557,3
60,10,-4.0,1.10497e-07,0.8959999999999999,3
61,10,-4.0,2.90181e-08,1.106668,3
62,10,-4.0,5.58787e-06,1.10489,3
63,10,-4.0,1.01932e-08,1.14489,3
64,10,-4.0,4.92002e-08,1.265779,3
65,10,-4.0,3.96393e-09,1.4506679999999998,3
66,10,-4.0,1.03229e-07,0.990668,3
67,10,-4.0,8.66909e-07,1.156445,3
68,10,-4.0,1.87757e-08,1.073334,3
69,10,-4.0,5.69431e-08,1.012001,3
70,10,-4.0,4.56806e-08,1.1057789999999998,3
71,10,-4.0,1.13248e-08,1.7995569999999999,3
72,10,-4.0,7.62557e-09,1.9533349999999998,3
73,10,-4.0,7.82457e-09,1.1631129999999998,3
74,10,-4.0,1.79766e-07,1.473779,3
75,10,-4.0,1.13564e-07,1.19689,3
76,10,-4.0,1.13052e-06,1.3244449999999999,3
77,10,-4.0,1.60124e-08,0.998668,3
78,10,-4.0,1.43501e-07,1.179112,3
79,10,-4.0,2.30239e-08,2.049779,3
80,10,-4.0,3.99541e-08,1.1764459999999999,3
81,10,-4.0,1.31419e-08,1.082223,3
82,10,-4.0,3.01327e-09,1.60889,3
83,10,-4.0,7.12628e-08,0.981779,3
84,10,-4.0,7.88589e-08,1.9937799999999999,3
85,10,-4.0,1.61863e-09,1.9697799999999999,3
86,10,-4.0,4.20269e-09,1.542223,3
87,10,-4.0,5.82134e-08,1.900002,3
88,10,-4.0,1.29826e-08,1.078667,3
89,10,-4.0,4.48707e-09,1.004001,3
90,10,-4.0,1.1256e-08,1.948891,3
91,10,-4.0,2.60479e-08,1.134223,3
92,10,-4.0,1.02607e-08,1.119557,3
93,10,-4.0,1.1706e-08,1.530668,3
94,10,-4.0,4.75581e-08,1.614669,3
95,10,-4.0,1.67783e-07,1.4982229999999999,3
96,10,-4.0,7.10997e-08,1.7848899999999999,3
97,10,-4.0,2.73383e-08,1.181779,3
98,10,-4.0,3.59517e-08,1.189335,3
99,10,-4.0,1.12142e-08,1.1653339999999999,3
0,10,-5.0,9.5908e-08,1.200446,3
1,10,-5.0,4.70029e-08,1.128889,3
2,10,-5.0,3.57687e-08,0.8342229999999999,3
3,10,-5.0,2.65505e-07,0.82089,3
4,10,-5.0,1.43512e-08,0.8302229999999999,3
5,10,-5.0,6.79403e-08,1.06889,3
6,10,-5.0,8.55616e-08,1.452446,3
7,10,-5.0,6.76597e-09,0.8924449999999999,3
8,10,-5.0,2.8881e-08,0.8906679999999999,3
9,10,-5.0,6.85464e-08,0.9035569999999999,3
10,10,-5.0,4.69508e-07,0.971556,3
11,10,-5.0,2.24786e-08,0.824445,3
12,10,-5.0,1.59118e-06,0.815556,3
13,10,-5.0,5.69064e-08,1.39689,3
14,10,-5.0,9.25293e-08,1.420002,3
15,10,-5.0,3.683e-08,1.227557,3
16,10,-5.0,1.54147e-08,1.156001,3
17,10,-5.0,1.8065e-08,1.32889,3
18,10,-5.0,1.03166e-08,1.298223,3
19,10,-5.0,2.41253e-09,0.8262229999999999,3
20,10,-5.0,6.88896e-08,2.1626689999999997,3
21,10,-5.0,7.40763e-08,1.768446,3
22,10,-5.0,1.17568e-08,1.6137789999999999,3
23,10,-5.0,1.86211e-08,1.888002,3
24,10,-5.0,2.62e-08,1.911112,3
25,10,-5.0,5.40693e-09,1.15289,3
26,10,-5.0,1.87775e-07,0.820001,3
27,10,-5.0,1.0636e-08,0.8448899999999999,3
28,10,-5.0,1.28888e-07,0.911557,3
29,10,-5.0,9.30032e-07,1.499557,3
30,10,-5.0,8.22646e-09,0.8991119999999999,3
31,10,-5.0,4.97636e-09,0.8031119999999999,3
32,10,-5.0,3.3529e-08,1.2262229999999998,3
33,10,-5.0,1.38526e-07,0.947112,3
34,10,-5.0,1.92247e-08,1.031557,3
35,10,-5.0,2.20964e-07,1.484001,3
36,10,-5.0,1.04265e-07,1.3302239999999999,3
37,10,-5.0,1.35279e-07,1.208445,3
38,10,-5.0,2.23126e-08,1.045334,3
39,10,-5.0,1.02294e-08,1.039556,3
40,10,-5.0,2.31349e-08,1.030668,3
41,10,-5.0,1.71012e-08,1.121334,3
42,10,-5.0,6.68709e-09,0.9880009999999999,3
43,10,-5.0,5.39353e-09,1.0182229999999999,3
44,10,-5.0,1.75002e-08,1.159557,3
45,10,-5.0,4.17618e-08,0.928889,3
46,10,-5.0,2.04618e-07,0.9613339999999999,3
47,10,-5.0,1.32382e-08,1.350668,3
48,10,-5.0,5.60613e-08,1.375557,3
49,10,-5.0,6.31779e-08,1.21689,3
50,10,-5.0,7.01909e-09,1.4573349999999998,3
51,10,-5.0,4.83741e-07,1.177779,3
52,10,-5.0,4.7758e-08,1.191112,3
53,10,-5.0,5.83438e-08,1.277779,3
54,10,-5.0,4.1934e-09,1.097335,3
55,10,-5.0,3.14412e-08,1.4520009999999999,3
56,10,-5.0,2.23633e-08,1.314223,3
57,10,-5.0,7.30087e-08,1.080446,3
58,10,-5.0,5.09812e-08,1.056889,3
59,10,-5.0,1.22799e-08,1.4635559999999999,3
60,10,-5.0,5.25963e-09,1.136001,3
61,10,-5.0,1.37593e-06,1.159112,3
62,10,-5.0,2.93478e-08,1.3377789999999998,3
63,10,-5.0,1.17685e-08,1.209779,3
64,10,-5.0,3.74241e-08,1.417779,3
65,10,-5.0,3.35113e-08,1.213779,3
66,10,-5.0,3.06227e-08,1.199557,3
67,10,-5.0,5.78054e-09,1.376001,3
68,10,-5.0,7.91386e-08,1.205779,3
69,10,-5.0,2.46685e-07,1.310668,3
70,10,-5.0,3.18239e-07,1.920002,3
71,10,-5.0,1.35876e-08,1.147557,3
72,10,-5.0,1.56922e-07,1.252445,3
73,10,-5.0,1.15325e-07,1.354223,3
74,10,-5.0,1.22505e-06,1.455557,3
75,10,-5.0,3.3042e-06,1.037334,3
76,10,-5.0,1.53267e-07,1.0142229999999999,3
77,10,-5.0,1.5203e-07,1.421779,3
78,10,-5.0,1.7624e-08,1.0262229999999999,3
79,10,-5.0,4.92313e-08,1.101334,3
80,10,-5.0,4.57997e-08,1.141335,3
81,10,-5.0,4.74438e-08,1.100001,3
82,10,-5.0,9.06923e-09,1.1079999999999999,3
83,10,-5.0,1.36443e-08,1.1497789999999999,3
84,10,-5.0,8.36364e-09,1.1102239999999999,3
85,10,-5.0,5.12496e-09,1.070667,3
86,10,-5.0,2.30028e-06,1.1404459999999998,3
87,10,-5.0,2.56432e-08,1.136445,3
88,10,-5.0,1.07286e-07,0.79689,3
89,10,-5.0,3.8407e-08,0.974668,3
90,10,-5.0,5.10386e-08,1.007556,3
91,10,-5.0,5.44469e-08,1.181779,3
92,10,-5.0,3.3526e-08,1.549779,3
93,10,-5.0,5.49289e-08,1.307112,3
94,10,-5.0,1.15915e-07,1.137335,3
95,10,-5.0,7.49758e-07,1.201334,3
96,10,-5.0,3.38432e-07,1.4582229999999998,3
97,10,-5.0,7.53864e-08,1.339113,3
98,10,-5.0,5.8292e-09,1.305779,3
99,10,-5.0,7.79469e-09,1.057779,3
0,25,-1.0,8.29866e-07,3.5711139999999997,3
1,25,-1.0,1.06714e-07,3.399114,3
2,25,-1.0,6.12754e-07,4.418671,3
3,25,-1.0,7.0596e-07,4.0333369999999995,3
4,25,-1.0,4.16103e-08,4.1791149999999995,3
5,25,-1.0,3.77057e-07,4.047559,3
6,25,-1.0,2.39405e-07,3.625337,3
7,25,-1.0,2.20786e-07,3.7008919999999996,3
8,25,-1.0,1.41807e-07,3.419114,3
9,25,-1.0,7.95987e-07,3.865337,3
10,25,-1.0,2.62202e-06,5.304449,3
11,25,-1.0,2.02629e-07,4.442671,3
12,25,-1.0,1.84594e-07,4.666227,3
13,25,-1.0,1.15022e-07,4.589782,3
14,25,-1.0,1.35994e-07,4.83156,3
15,25,-1.0,9.29841e-07,4.330226,3
16,25,-1.0,2.81423e-07,4.5426709999999995,3
17,25,-1.0,2.02275e-08,3.653781,3
18,25,-1.0,3.67013e-08,4.101337,3
19,25,-1.0,7.32731e-07,4.160893,3
20,25,-1.0,5.73725e-08,3.868448,3
21,25,-1.0,1.48253e-07,4.81956,3
22,25,-1.0,1.77301e-07,4.122669999999999,3
23,25,-1.0,3.46415e-06,4.315115,3
24,25,-1.0,4.6892e-08,4.213337,3
25,25,-1.0,6.8099e-07,4.172448,3
26,25,-1.0,5.13405e-07,3.572892,3
27,25,-1.0,1.1874e-07,3.6124479999999997,3
28,25,-1.0,2.18958e-07,3.644447,3
29,25,-1.0,3.36228e-07,3.382669,3
30,25,-1.0,2.67826e-06,3.2875579999999998,3
31,25,-1.0,5.6228e-05,3.396003,3
32,25,-1.0,3.08472e-07,3.883114,3
33,25,-1.0,9.45159e-07,4.450226,3
34,25,-1.0,7.76819e-08,4.02667,3
35,25,-1.0,2.84231e-07,3.7080029999999997,3
36,25,-1.0,2.42061e-07,3.8657809999999997,3
37,25,-1.0,4.93304e-07,4.273337,3
38,25,-1.0,1.44319e-07,4.277781,3
39,25,-1.0,5.96066e-07,4.139559,3
40,25,-1.0,5.30549e-07,4.668449,3
41,25,-1.0,2.31988e-05,3.998226,3
42,25,-1.0,1.13531e-07,5.572005,3
43,25,-1.0,1.19501e-06,4.216003,3
44,25,-1.0,1.51123e-06,3.76267,3
45,25,-1.0,4.62863e-07,4.132004,3
46,25,-1.0,1.50097e-07,4.276892999999999,3
47,25,-1.0,3.3985e-07,3.597337,3
48,25,-1.0,2.65961e-07,4.1711149999999995,3
49,25,-1.0,5.21912e-08,6.388006,3
50,25,-1.0,1.08014e-06,3.9515589999999996,3
51,25,-1.0,5.64663e-08,4.661782,3
52,25,-1.0,5.31274e-07,5.264449,3
53,25,-1.0,4.77362e-08,4.596004,3
54,25,-1.0,8.86551e-08,3.715114,3
55,25,-1.0,4.13584e-08,3.153781,3
56,25,-1.0,3.20128e-07,3.402225,3
57,25,-1.0,2.21846e-07,4.980004,3
58,25,-1.0,1.2211e-07,4.247115,3
59,25,-1.0,3.71477e-07,4.6151159999999996,3
60,25,-1.0,4.03652e-07,4.369337,3
61,25,-1.0,2.15428e-07,4.8400039999999995,3
62,25,-1.0,6.43568e-07,4.513782,3
63,25,-1.0,3.85589e-08,4.844893,3
64,25,-1.0,5.09901e-07,5.403561,3
65,25,-1.0,1.34146e-07,4.129782,3
66,25,-1.0,7.61243e-08,4.203558999999999,3
67,25,-1.0,1.68168e-07,3.9906699999999997,3
68,25,-1.0,4.36041e-06,3.823559,3
69,25,-1.0,1.32438e-05,3.979114,3
70,25,-1.0,4.42055e-06,3.824003,3
71,25,-1.0,9.62592e-08,4.0346709999999995,3
72,25,-1.0,6.05962e-08,4.155559,3
73,25,-1.0,6.43088e-08,3.823559,3
74,25,-1.0,1.67983e-07,4.468893,3
75,25,-1.0,4.67966e-07,4.197337,3
76,25,-1.0,1.5545e-06,4.548448,3
77,25,-1.0,2.78363e-07,5.120449,3
78,25,-1.0,2.37235e-06,4.531115,3
79,25,-1.0,2.66951e-07,4.339115,3
80,25,-1.0,1.36104e-07,4.072004,3
81,25,-1.0,4.74804e-08,4.23067,3
82,25,-1.0,1.55136e-07,4.944894,3
83,25,-1.0,7.0377e-07,4.869782,3
84,25,-1.0,1.25068e-07,4.320449,3
85,25,-1.0,1.52932e-06,4.132893,3
86,25,-1.0,1.02629e-06,3.532448,3
87,25,-1.0,1.57275e-07,3.6644479999999997,3
88,25,-1.0,4.00588e-06,3.27867,3
89,25,-1.0,6.25478e-08,4.180003999999999,3
90,25,-1.0,1.19854e-06,4.915115,3
91,25,-1.0,1.3123e-06,4.9302269999999995,3
92,25,-1.0,2.54698e-06,3.970226,3
93,25,-1.0,1.66299e-07,4.663116,3
94,25,-1.0,2.37627e-07,4.35467,3
95,25,-1.0,9.85101e-07,4.755116,3
96,25,-1.0,4.25475e-06,4.476893,3
97,25,-1.0,7.58053e-07,3.7404479999999998,3
98,25,-1.0,1.05743e-07,4.071559,3
99,25,-1.0,9.4566e-07,3.814225,3
0,25,-2.0,6.11547e-08,4.141337,3
1,25,-2.0,9.67798e-07,4.034225999999999,3
2,25,-2.0,3.06612e-07,4.577782,3
3,25,-2.0,2.69872e-07,4.057780999999999,3
4,25,-2.0,1.12188e-07,4.585782,3
5,25,-2.0,4.10227e-05,3.79467,3
6,25,-2.0,1.53753e-07,4.118671,3
7,25,-2.0,1.64412e-07,4.078671,3
8,25,-2.0,1.77279e-06,3.779114,3
9,25,-2.0,7.34714e-07,3.416003,3
10,25,-2.0,8.95801e-07,4.700893,3
11,25,-2.0,9.45388e-05,3.940448,3
12,25,-2.0,1.46473e-06,3.7977809999999996,3
13,25,-2.0,1.07272e-05,4.05467,3
14,25,-2.0,5.88708e-08,4.219558999999999,3
15,25,-2.0,2.09653e-07,3.2488919999999997,3
16,25,-2.0,9.12807e-08,3.3217809999999997,3
17,25,-2.0,3.1337e-08,4.852004,3
18,25,-2.0,5.85383e-07,4.361782,3
19,25,-2.0,1.7784e-07,4.812004,3
20,25,-2.0,2.02475e-06,5.372449,3
21,25,-2.0,5.18587e-08,3.8297809999999997,3
22,25,-2.0,5.19671e-07,3.988448,3
23,25,-2.0,4.38621e-07,4.349781,3
24,25,-2.0,3.67732e-07,3.9631149999999997,3
25,25,-2.0,3.69428e-07,4.052004,3
26,25,-2.0,1.88338e-07,4.132448,3
27,25,-2.0,1.76178e-07,3.717336,3
28,25,-2.0,1.0142e-07,3.950671,3
29,25,-2.0,4.14103e-07,4.141781,3
30,25,-2.0,4.12812e-07,3.749336,3
31,25,-2.0,2.22841e-06,4.013782,3
32,25,-2.0,2.61351e-06,5.044004,3
33,25,-2.0,1.48311e-07,4.0017819999999995,3
34,25,-2.0,8.90389e-07,3.9715589999999996,3
35,25,-2.0,1.95457e-07,5.864894,3
36,25,-2.0,1.78998e-06,4.206226,3
37,25,-2.0,1.97941e-07,4.013781,3
38,25,-2.0,3.5308e-06,4.190226,3
39,25,-2.0,3.61848e-06,4.477781,3
40,25,-2.0,1.304e-06,4.69156,3
41,25,-2.0,5.5106e-06,4.172003999999999,3
42,25,-2.0,1.80896e-06,4.3728929999999995,3
43,25,-2.0,2.05029e-07,5.087116,3
44,25,-2.0,9.78564e-08,5.386227,3
45,25,-2.0,1.5393e-07,4.08667,3
46,25,-2.0,5.02768e-07,4.2106699999999995,3
47,25,-2.0,1.48633e-06,4.20756,3
48,25,-2.0,4.94038e-08,4.212003999999999,3
49,25,-2.0,3.39023e-06,3.764893,3
50,25,-2.0,8.5202e-08,4.72356,3
51,25,-2.0,1.46407e-07,4.325337,3
52,25,-2.0,5.76445e-05,4.770227,3
53,25,-2.0,8.54955e-08,4.250671,3
54,25,-2.0,1.54547e-06,4.684448,3
55,25,-2.0,1.61265e-07,4.333781,3
56,25,-2.0,2.21931e-06,3.8862259999999997,3
57,25,-2.0,4.07114e-07,3.604447,3
58,25,-2.0,1.07779e-06,3.798225,3
59,25,-2.0,1.35733e-06,4.352449,3
60,25,-2.0,3.34828e-07,3.624004,3
61,25,-2.0,4.26489e-06,3.908893,3
62,25,-2.0,1.10224e-05,3.833782,3
63,25,-2.0,3.17194e-06,3.9911149999999997,3
64,25,-2.0,1.54973e-07,3.660892,3
65,25,-2.0,2.54935e-07,3.984003,3
66,25,-2.0,9.46234e-08,3.940448,3
67,25,-2.0,2.78832e-06,3.699115,3
68,25,-2.0,1.02743e-06,3.936448,3
69,25,-2.0,9.10956e-08,3.5795589999999997,3
70,25,-2.0,1.4662e-07,3.784893,3
71,25,-2.0,1.21938e-07,5.584004999999999,3
72,25,-2.0,7.12897e-08,4.9053379999999995,3
73,25,-2.0,2.55351e-07,4.052893,3
74,25,-2.0,3.76379e-07,4.305337,3
75,25,-2.0,1.77536e-05,3.905782,3
76,25,-2.0,4.99754e-05,4.286671,3
77,25,-2.0,7.59214e-08,3.760004,3
78,25,-2.0,1.14277e-06,3.471114,3
79,25,-2.0,2.27888e-07,3.307114,3
80,25,-2.0,1.22962e-05,4.43867,3
81,25,-2.0,1.75337e-07,4.607114999999999,3
82,25,-2.0,1.21546e-06,4.2111149999999995,3
83,25,-2.0,3.07918e-08,4.9368929999999995,3
84,25,-2.0,3.29288e-06,3.534226,3
85,25,-2.0,2.32679e-07,3.415114,3
86,25,-2.0,5.99148e-07,3.8786699999999996,3
87,25,-2.0,3.58522e-06,3.860003,3
88,25,-2.0,3.90238e-08,3.556003,3
89,25,-2.0,1.70037e-07,4.065780999999999,3
90,25,-2.0,2.74557e-05,4.598227,3
91,25,-2.0,1.18251e-06,4.218226,3
92,25,-2.0,2.26046e-07,4.651115,3
93,25,-2.0,2.00035e-07,3.246669,3
94,25,-2.0,9.11654e-07,3.8422259999999997,3
95,25,-2.0,3.66163e-07,4.8973379999999995,3
96,25,-2.0,1.33537e-07,3.6240029999999996,3
97,25,-2.0,5.52307e-06,3.282669,3
98,25,-2.0,1.69646e-07,3.803114,3
99,25,-2.0,2.22005e-07,3.743559,3
0,25,-3.0,4.91642e-07,4.062225,3
1,25,-3.0,1.243e-07,4.489781,3
2,25,-3.0,3.00356e-07,3.976893,3
3,25,-3.0,3.81638e-07,4.221781,3
4,25,-3.0,3.12522e-06,4.012893,3
5,25,-3.0,3.33671e-07,3.920003,3
6,25,-3.0,5.48021e-08,3.67867,3
7,25,-3.0,4.98052e-07,3.6355579999999996,3
8,25,-3.0,5.62707e-07,3.9640039999999996,3
9,25,-3.0,7.44991e-08,4.09867,3
10,25,-3.0,0.00013068,4.325337,3
11,25,-3.0,8.26594e-08,4.152448,3
12,25,-3.0,3.57905e-07,3.742225,3
13,25,-3.0,5.4716e-08,3.7408919999999997,3
14,25,-3.0,2.79983e-07,3.972892,3
15,25,-3.0,4.36727e-06,4.1226709999999995,3
16,25,-3.0,1.44535e-06,4.246226,3
17,25,-3.0,1.18931e-07,3.735114,3
18,25,-3.0,2.62649e-07,3.6791139999999998,3
19,25,-3.0,9.76083e-07,3.831114,3
20,25,-3.0,2.44482e-07,4.0808919999999995,3
21,25,-3.0,2.6821e-06,4.161337,3
22,25,-3.0,0.000188483,4.409782,3
23,25,-3.0,9.06361e-07,4.1711149999999995,3
24,25,-3.0,1.0053e-07,4.516449,3
25,25,-3.0,2.1009e-07,4.788449,3
26,25,-3.0,1.3194e-07,4.981783,3
27,25,-3.0,2.10969e-07,4.848449,3
28,25,-3.0,3.63996e-06,5.56356,3
29,25,-3.0,1.37113e-07,4.202671,3
30,25,-3.0,1.42414e-06,4.799116,3
31,25,-3.0,1.17525e-06,4.635115,3
32,25,-3.0,4.91604e-07,4.263559,3
33,25,-3.0,5.72184e-07,4.600448,3
34,25,-3.0,1.18317e-07,4.168004,3
35,25,-3.0,4.20983e-07,4.223115,3
36,25,-3.0,7.41804e-08,4.313782,3
37,25,-3.0,1.37411e-06,4.507115,3
38,25,-3.0,4.22586e-08,3.845337,3
39,25,-3.0,1.96708e-06,4.0826709999999995,3
40,25,-3.0,2.25016e-07,4.595115,3
41,25,-3.0,6.39535e-08,4.288893,3
42,25,-3.0,2.71515e-07,4.400004,3
43,25,-3.0,3.0394e-07,3.5462249999999997,3
44,25,-3.0,1.4706e-06,3.9906699999999997,3
45,25,-3.0,5.42468e-08,4.044004,3
46,25,-3.0,5.40119e-08,3.7533369999999997,3
47,25,-3.0,1.01471e-07,3.9222259999999998,3
48,25,-3.0,9.89297e-07,3.8706699999999996,3
49,25,-3.0,8.76295e-07,3.644892,3
50,25,-3.0,1.94012e-07,3.3608909999999996,3
51,25,-3.0,8.22542e-08,6.74534,3
52,25,-3.0,1.57837e-07,6.725784,3
53,25,-3.0,6.65557e-07,4.50356,3
54,25,-3.0,1.2474e-07,4.352893,3
55,25,-3.0,5.395e-07,4.519115,3
56,25,-3.0,8.04124e-08,4.538226,3
57,25,-3.0,2.69981e-08,4.358671,3
58,25,-3.0,2.65852e-07,4.803115,3
59,25,-3.0,4.55749e-07,4.464004,3
60,25,-3.0,4.36463e-06,4.758671,3
61,25,-3.0,1.11635e-06,3.80667,3
62,25,-3.0,1.20222e-06,3.245781,3
63,25,-3.0,2.33625e-07,2.874224,3
64,25,-3.0,2.66588e-06,2.716002,3
65,25,-3.0,4.67048e-07,2.5084459999999997,3
66,25,-3.0,1.91737e-07,4.144003,3
67,25,-3.0,1.29787e-07,3.7124479999999997,3
68,25,-3.0,2.37305e-07,3.375558,3
69,25,-3.0,1.30756e-07,3.5555589999999997,3
70,25,-3.0,1.31776e-06,4.3320039999999995,3
71,25,-3.0,2.98949e-07,4.324447999999999,3
72,25,-3.0,5.48214e-07,4.363115,3
73,25,-3.0,2.82819e-07,3.667559,3
74,25,-3.0,2.20804e-07,3.8893359999999997,3
75,25,-3.0,4.30207e-07,3.9182259999999998,3
76,25,-3.0,1.49705e-07,3.863114,3
77,25,-3.0,2.13005e-06,4.16667,3
78,25,-3.0,2.36123e-07,3.737781,3
79,25,-3.0,0.000266632,3.6764479999999997,3
80,25,-3.0,1.24687e-06,5.348894,3
81,25,-3.0,9.78234e-08,3.770225,3
82,25,-3.0,4.36273e-07,5.132448999999999,3
83,25,-3.0,1.23481e-07,4.688448999999999,3
84,25,-3.0,6.97214e-08,4.464448,3
85,25,-3.0,4.19385e-07,4.6951149999999995,3
86,25,-3.0,1.10092e-06,4.378226,3
87,25,-3.0,9.46336e-07,7.000006,3
88,25,-3.0,1.13654e-06,4.02267,3
89,25,-3.0,1.56723e-07,3.8422259999999997,3
90,25,-3.0,1.55066e-06,3.7240029999999997,3
91,25,-3.0,2.5475e-06,4.550227,3
92,25,-3.0,1.57775e-07,4.212448,3
93,25,-3.0,2.77143e-07,4.43156,3
94,25,-3.0,5.96136e-06,6.039117,3
95,25,-3.0,8.91201e-08,4.129782,3
96,25,-3.0,1.1426e-06,4.0177819999999995,3
97,25,-3.0,6.0251e-07,4.45156,3
98,25,-3.0,1.36447e-07,4.456004,3
99,25,-3.0,2.47589e-07,6.124006,3
0,25,-4.0,3.57174e-07,4.001781,3
1,25,-4.0,2.71297e-07,3.932892,3
2,25,-4.0,3.86225e-07,4.067115,3
3,25,-4.0,5.41577e-07,3.915559,3
4,25,-4.0,9.62805e-07,4.051114,3
5,25,-4.0,8.71685e-07,3.783114,3
6,25,-4.0,1.73582e-07,3.6160029999999996,3
7,25,-4.0,1.96677e-07,3.6244479999999997,3
8,25,-4.0,5.52189e-08,3.359114,3
9,25,-4.0,2.84787e-08,4.030226,3
10,25,-4.0,1.92468e-06,4.07467,3
11,25,-4.0,1.15981e-05,3.7480029999999998,3
12,25,-4.0,3.23324e-07,4.152004,3
13,25,-4.0,6.41063e-07,4.1208919999999996,3
14,25,-4.0,5.04977e-07,3.569336,3
15,25,-4.0,1.47287e-06,3.460003,3
16,25,-4.0,9.69737e-07,3.77867,3
17,25,-4.0,2.59165e-06,4.027114,3
18,25,-4.0,8.71833e-07,3.9097809999999997,3
19,25,-4.0,1.44181e-06,4.556449,3
20,25,-4.0,1.15655e-07,3.630225,3
21,25,-4.0,1.25924e-06,3.892892,3
22,25,-4.0,9.57229e-07,4.079559,3
23,25,-4.0,3.15899e-07,3.8213369999999998,3
24,25,-4.0,1.60975e-07,3.9231149999999997,3
25,25,-4.0,1.21837e-07,4.321782,3
26,25,-4.0,8.16622e-08,3.6128929999999997,3
27,25,-4.0,9.14231e-07,4.200448,3
28,25,-4.0,2.55706e-07,4.059115,3
29,25,-4.0,3.17822e-12,3.3208919999999997,4
30,25,-4.0,2.4664e-05,3.254225,3
31,25,-4.0,4.77771e-06,3.6360029999999997,3
32,25,-4.0,2.98189e-07,4.140893,3
33,25,-4.0,6.96706e-07,4.642671,3
34,25,-4.0,3.08916e-07,4.521337,3
35,25,-4.0,1.79885e-07,3.9222259999999998,3
36,25,-4.0,5.17047e-07,3.925337,3
37,25,-4.0,3.57267e-05,3.783559,3
38,25,-4.0,5.09792e-07,3.731559,3
39,25,-4.0,5.96628e-08,3.804448,3
40,25,-4.0,1.81906e-06,4.068003,3
41,25,-4.0,4.05293e-06,3.7093369999999997,3
42,25,-4.0,2.19941e-07,4.168892,3
43,25,-4.0,2.20443e-07,5.032894,3
44,25,-4.0,6.7914e-07,4.32267,3
45,25,-4.0,7.37686e-07,4.891115,3
46,25,-4.0,7.63597e-08,4.972893,3
47,25,-4.0,5.38478e-07,5.316894,3
48,25,-4.0,6.8494e-08,4.464892,3
49,25,-4.0,6.41243e-07,4.741338,3
50,25,-4.0,2.76131e-07,4.378226,3
51,25,-4.0,1.97435e-07,4.386226,3
52,25,-4.0,1.03265e-07,3.939559,3
53,25,-4.0,2.12674e-07,3.7888919999999997,3
54,25,-4.0,7.02799e-07,3.913337,3
55,25,-4.0,2.25831e-06,4.023114,3
56,25,-4.0,2.13595e-07,4.770671,3
57,25,-4.0,2.93503e-07,3.8497809999999997,3
58,25,-4.0,2.4694e-06,3.685781,3
59,25,-4.0,1.6e-07,3.904448,3
60,25,-4.0,5.34904e-06,3.859559,3
61,25,-4.0,3.04094e-07,4.159559,3
62,25,-4.0,3.31315e-06,4.528448,3
63,25,-4.0,1.64216e-11,4.360893,4
64,25,-4.0,1.24437e-06,4.667115,3
65,25,-4.0,1.05139e-12,4.26756,4
66,25,-4.0,1.22548e-06,3.8702259999999997,3
67,25,-4.0,2.96388e-06,4.597337,3
68,25,-4.0,2.07956e-06,3.74267,3
69,25,-4.0,3.60336e-07,3.274669,3
70,25,-4.0,6.85539e-07,3.915559,3
71,25,-4.0,1.45787e-07,4.168004,3
72,25,-4.0,5.77787e-08,4.434226,3
73,25,-4.0,1.30872e-07,3.6275579999999996,3
74,25,-4.0,3.76535e-06,3.784003,3
75,25,-4.0,2.08101e-07,4.295559,3
76,25,-4.0,1.36099e-06,4.209337,3
77,25,-4.0,5.03954e-06,4.020004,3
78,25,-4.0,8.76212e-08,3.8942259999999997,3
79,25,-4.0,8.78756e-08,3.6711139999999998,3
80,25,-4.0,4.258e-07,4.090225,3
81,25,-4.0,1.55084e-06,3.868448,3
82,25,-4.0,3.78676e-06,3.4702249999999997,3
83,25,-4.0,3.03847e-07,3.664447,3
84,25,-4.0,1.21307e-07,4.343115,3
85,25,-4.0,4.19336e-08,3.6515589999999998,3
86,25,-4.0,6.64644e-07,3.2955579999999998,3
87,25,-4.0,1.03335e-06,3.5751139999999997,3
88,25,-4.0,4.59042e-08,3.4097809999999997,3
89,25,-4.0,1.83038e-05,3.896448,3
90,25,-4.0,2.82182e-07,3.964892,3
91,25,-4.0,1.66905e-07,3.7328919999999997,3
92,25,-4.0,6.39142e-08,4.424004,3
93,25,-4.0,1.5023e-07,4.03067,3
94,25,-4.0,2.6541e-07,4.059559,3
95,25,-4.0,7.72013e-07,3.408003,3
96,25,-4.0,1.32326e-07,4.669338,3
97,25,-4.0,2.04079e-07,5.351115999999999,3
98,25,-4.0,9.97695e-08,3.945337,3
99,25,-4.0,6.37234e-08,4.065780999999999,3
0,25,-5.0,6.9638e-07,4.222226,3
1,25,-5.0,9.72026e-06,4.816894,3
2,25,-5.0,5.29642e-08,5.169782,3
3,25,-5.0,9.64564e-07,4.382226,3
4,25,-5.0,7.04561e-07,4.191115,3
5,25,-5.0,1.59232e-07,3.81467,3
6,25,-5.0,5.51297e-07,4.060003,3
7,25,-5.0,3.68848e-08,4.028892,3
8,25,-5.0,1.91061e-06,3.497336,3
9,25,-5.0,7.43565e-08,3.748448,3
10,25,-5.0,4.02256e-07,4.124004,3
11,25,-5.0,4.34073e-07,3.6271139999999997,3
12,25,-5.0,4.23534e-07,4.294226,3
13,25,-5.0,1.46413e-06,4.02267,3
14,25,-5.0,4.20919e-07,3.904448,3
15,25,-5.0,3.37481e-07,3.505336,3
16,25,-5.0,1.19304e-07,4.604004,3
17,25,-5.0,2.68696e-08,5.677338,3
18,25,-5.0,2.54345e-07,4.892893,3
19,25,-5.0,5.48307e-08,3.5875589999999997,3
20,25,-5.0,2.07708e-06,4.26756,3
21,25,-5.0,1.42772e-07,4.297337,3
22,25,-5.0,1.80903e-07,4.728892999999999,3
23,25,-5.0,1.57494e-06,4.490226,3
24,25,-5.0,1.23206e-07,4.602226,3
25,25,-5.0,3.14029e-06,4.45156,3
26,25,-5.0,5.58077e-06,3.665781,3
27,25,-5.0,2.20123e-06,3.67867,3
28,25,-5.0,7.91466e-07,4.257337,3
29,25,-5.0,7.85127e-08,4.182226,3
30,25,-5.0,5.80666e-06,4.401782,3
31,25,-5.0,1.50874e-06,3.8653359999999997,3
32,25,-5.0,4.278e-06,3.77067,3
33,25,-5.0,3.10242e-07,3.727114,3
34,25,-5.0,1.23434e-06,3.9262259999999998,3
35,25,-5.0,1.57004e-07,3.600447,3
36,25,-5.0,1.46504e-06,3.517781,3
37,25,-5.0,4.57909e-07,3.633781,3
38,25,-5.0,4.3003e-07,3.548448,3
39,25,-5.0,4.78212e-08,3.529781,3
40,25,-5.0,4.34337e-07,3.128002,3
41,25,-5.0,1.3445e-06,3.2720029999999998,3
42,25,-5.0,4.26912e-06,3.832448,3
43,25,-5.0,3.73379e-07,4.080448,3
44,25,-5.0,8.59499e-07,3.24578,3
45,25,-5.0,2.38045e-07,3.2568919999999997,3
46,25,-5.0,1.47246e-06,2.930669,3
47,25,-5.0,1.59719e-07,3.2315579999999997,3
48,25,-5.0,5.96687e-07,3.8546709999999997,3
49,25,-5.0,1.8022e-07,4.2511149999999995,3
50,25,-5.0,1.07254e-06,3.6671139999999998,3
51,25,-5.0,7.15203e-08,4.177337,3
52,25,-5.0,5.52458e-06,3.052003,3
53,25,-5.0,1.06791e-06,3.25467,3
54,25,-5.0,1.39904e-06,3.536447,3
55,25,-5.0,1.5919e-06,3.775115,3
56,25,-5.0,2.8661e-13,4.916893,4
57,25,-5.0,2.32041e-06,4.553782,3
58,25,-5.0,9.08072e-08,4.216448,3
59,25,-5.0,1.01975e-06,4.358671,3
60,25,-5.0,3.57268e-07,3.714226,3
61,25,-5.0,6.4063e-08,4.250226,3
62,25,-5.0,5.9499e-08,4.388002999999999,3
63,25,-5.0,1.77787e-06,3.880003,3
64,25,-5.0,7.57005e-06,3.6968929999999998,3
65,25,-5.0,9.25664e-11,3.907114,4
66,25,-5.0,1.99585e-06,3.711559,3
67,25,-5.0,2.15944e-07,3.743559,3
68,25,-5.0,2.43616e-13,5.472449999999999,4
69,25,-5.0,3.35099e-07,4.385337,3
70,25,-5.0,1.27251e-07,4.021337,3
71,25,-5.0,2.51253e-07,4.268892999999999,3
72,25,-5.0,2.20545e-06,3.7777809999999996,3
73,25,-5.0,6.44655e-08,3.9906699999999997,3
74,25,-5.0,6.32116e-08,3.960448,3
75,25,-5.0,7.12432e-08,3.73067,3
76,25,-5.0,2.38852e-07,3.587558,3
77,25,-5.0,3.47497e-07,3.649781,3
78,25,-5.0,1.02606e-06,3.686225,3
79,25,-5.0,4.7931e-07,3.867559,3
80,25,-5.0,2.85982e-06,3.608892,3
81,25,-5.0,2.65647e-07,3.679559,3
82,25,-5.0,1.559e-06,4.226226,3
83,25,-5.0,2.67062e-07,3.816448,3
84,25,-5.0,2.27694e-07,3.915559,3
85,25,-5.0,7.48789e-07,4.084893,3
86,25,-5.0,1.57895e-07,3.652447,3
87,25,-5.0,9.18116e-08,3.717781,3
88,25,-5.0,5.6919e-07,5.847561,3
89,25,-5.0,2.15307e-13,4.113337,4
90,25,-5.0,2.51751e-07,4.741338,3
91,25,-5.0,3.37508e-08,4.354226,3
92,25,-5.0,1.54565e-07,3.598226,3
93,25,-5.0,1.02416e-07,3.996003,3
94,25,-5.0,1.12024e-06,3.9062259999999998,3
95,25,-5.0,8.14654e-08,4.0573369999999995,3
96,25,-5.0,1.57028e-07,4.005337,3
97,25,-5.0,2.28592e-07,4.115114999999999,3
98,25,-5.0,8.58667e-07,3.880448,3
99,25,-5.0,4.02139e-07,3.592003,3
0,50,-1.0,1.67901e-05,13.647568,3
1,50,-1.0,5.86862e-06,12.976455999999999,3
2,50,-1.0,1.07665e-06,14.288457,3
3,50,-1.0,2.4081e-06,13.660012,3
4,50,-1.0,4.7508e-06,13.109789,3
5,50,-1.0,8.26998e-07,12.586677,3
6,50,-1.0,1.56077e-06,13.478679,3
7,50,-1.0,4.86679e-07,12.723567,3
8,50,-1.0,1.23333e-06,12.676456,3
9,50,-1.0,3.10773e-07,12.511567,3
10,50,-1.0,1.70648e-05,15.358680999999999,3
11,50,-1.0,6.8002e-06,20.109795,3
12,50,-1.0,5.24155e-06,14.296901,3
13,50,-1.0,7.02598e-05,13.310678,3
14,50,-1.0,3.46751e-06,13.554234,3
15,50,-1.0,3.49108e-06,12.669345,3
16,50,-1.0,3.88281e-07,13.144456,3
17,50,-1.0,2.36391e-07,12.668455999999999,3
18,50,-1.0,9.41618e-07,12.854678,3
19,50,-1.0,1.54205e-06,13.390234,3
20,50,-1.0,1.32044e-06,12.402232999999999,3
21,50,-1.0,4.55202e-06,11.880455,3
22,50,-1.0,2.76427e-06,12.984900999999999,3
23,50,-1.0,2.59702e-06,13.928457,3
24,50,-1.0,2.30958e-06,13.783567999999999,3
25,50,-1.0,2.04465e-06,17.112015,3
26,50,-1.0,1.67838e-06,13.342678,3
27,50,-1.0,4.20849e-06,12.885345,3
28,50,-1.0,1.46557e-06,16.156903,3
29,50,-1.0,1.85374e-06,13.273344999999999,3
30,50,-1.0,1.42223e-06,13.094678,3
31,50,-1.0,5.78646e-07,13.741344999999999,3
32,50,-1.0,9.01996e-06,14.434235,3
33,50,-1.0,1.24759e-06,19.51824,3
34,50,-1.0,1.66186e-06,17.206682,3
35,50,-1.0,4.15684e-07,14.857346,3
36,50,-1.0,3.39252e-06,16.57557,3
37,50,-1.0,1.47705e-05,16.664903,3
38,50,-1.0,3.25216e-05,13.784901,3
39,50,-1.0,8.15816e-07,15.685348,3
40,50,-1.0,9.28531e-07,12.255567,3
41,50,-1.0,6.06251e-06,12.823566999999999,3
42,50,-1.0,4.26947e-07,15.122679999999999,3
43,50,-1.0,1.71258e-06,13.821346,3
44,50,-1.0,1.01217e-06,13.61779,3
45,50,-1.0,4.28106e-06,13.63379,3
46,50,-1.0,6.92818e-06,14.27868,3
47,50,-1.0,2.0558e-06,16.161348,3
48,50,-1.0,5.19359e-07,15.201792,3
49,50,-1.0,1.8441e-06,13.723568,3
50,50,-1.0,3.08318e-07,12.403122999999999,3
51,50,-1.0,1.25993e-05,14.329791,3
52,50,-1.0,7.75633e-06,14.952458,3
53,50,-1.0,7.08e-07,14.871569,3
54,50,-1.0,4.67726e-07,13.484012,3
55,50,-1.0,1.06625e-06,14.594235,3
56,50,-1.0,6.96538e-07,14.083124,3
57,50,-1.0,2.72893e-06,14.191568,3
58,50,-1.0,5.68165e-06,14.820457999999999,3
59,50,-1.0,1.35689e-06,12.182677,3
60,50,-1.0,4.38959e-07,14.108013,3
61,50,-1.0,1.90574e-06,12.923122999999999,3
62,50,-1.0,9.09309e-07,15.136902999999998,3
63,50,-1.0,4.55253e-06,17.495570999999998,3
64,50,-1.0,3.59833e-06,15.119568999999998,3
65,50,-1.0,3.74064e-07,13.022677999999999,3
66,50,-1.0,5.10188e-05,13.144012,3
67,50,-1.0,2.64853e-06,12.891567,3
68,50,-1.0,6.27745e-07,12.341344,3
69,50,-1.0,1.50172e-06,15.888459,3
70,50,-1.0,4.72022e-07,12.878677999999999,3
71,50,-1.0,3.76613e-06,15.214680999999999,3
72,50,-1.0,8.14161e-07,15.69957,3
73,50,-1.0,1.98183e-07,14.312457,3
74,50,-1.0,5.95732e-06,12.958677999999999,3
75,50,-1.0,1.15429e-06,13.779123,3
76,50,-1.0,1.34802e-07,21.050686,3
77,50,-1.0,2.28567e-07,13.944901,3
78,50,-1.0,1.20788e-06,15.568458,3
79,50,-1.0,1.76154e-06,17.149349,3
80,50,-1.0,4.56274e-07,12.707566,3
81,50,-1.0,9.90862e-07,14.452900999999999,3
82,50,-1.0,1.57201e-06,20.627129,3
83,50,-1.0,9.87897e-06,21.07113,3
84,50,-1.0,1.87795e-06,13.604457,3
85,50,-1.0,1.92004e-06,13.793346,3
86,50,-1.0,6.60568e-07,13.475567,3
87,50,-1.0,3.46439e-06,13.106233999999999,3
88,50,-1.0,7.29887e-07,16.226236,3
89,50,-1.0,1.74148e-05,14.475567999999999,3
90,50,-1.0,4.08836e-07,15.488902999999999,3
91,50,-1.0,7.4914e-06,12.809788999999999,3
92,50,-1.0,4.69037e-07,14.802235999999999,3
93,50,-1.0,1.20119e-06,13.691123999999999,3
94,50,-1.0,1.1057e-06,13.711568,3
95,50,-1.0,1.1012e-05,12.900901,3
96,50,-1.0,1.01463e-06,12.792010999999999,3
97,50,-1.0,3.02873e-05,11.948898999999999,3
98,50,-1.0,3.00806e-07,14.148456999999999,3
99,50,-1.0,4.32052e-05,15.340458,3
0,50,-2.0,5.79263e-06,15.953792,3
1,50,-2.0,1.20263e-06,14.327124,3
2,50,-2.0,6.48915e-06,15.386235999999998,3
3,50,-2.0,3.21441e-06,13.507568,3
4,50,-2.0,1.87699e-06,16.396014,3
5,50,-2.0,9.01901e-06,14.035568,3
6,50,-2.0,1.14476e-06,16.832015,3
7,50,-2.0,2.67347e-06,12.216011,3
8,50,-2.0,7.40181e-07,17.953792999999997,3
9,50,-2.0,1.42696e-05,16.852014999999998,3
10,50,-2.0,2.49171e-05,15.940902999999999,3
11,50,-2.0,7.28386e-06,16.020457999999998,3
12,50,-2.0,9.16419e-06,14.453790999999999,3
13,50,-2.0,3.01991e-06,14.919124,3
14,50,-2.0,4.88281e-07,16.241792,3
15,50,-2.0,7.08617e-07,14.666234999999999,3
16,50,-2.0,6.57695e-06,12.5129,3
17,50,-2.0,2.33538e-06,14.314235,3
18,50,-2.0,1.5503e-06,13.069789,3
19,50,-2.0,4.14916e-06,15.589791,3
20,50,-2.0,7.88089e-07,15.09868,3
21,50,-2.0,2.43127e-05,12.783567,3
22,50,-2.0,3.61062e-07,15.174235,3
23,50,-2.0,6.13358e-06,13.43379,3
24,50,-2.0,4.58181e-07,12.529345,3
25,50,-2.0,8.71037e-07,15.128902,3
26,50,-2.0,5.94654e-06,12.247122,3
27,50,-2.0,4.90727e-06,12.849789,3
28,50,-2.0,2.62216e-06,14.518234999999999,3
29,50,-2.0,3.38016e-05,12.912011,3
30,50,-2.0,8.94232e-07,14.289346,3
31,50,-2.0,3.52178e-06,13.290234,3
32,50,-2.0,2.57052e-06,14.313346,3
33,50,-2.0,1.47843e-06,15.213346999999999,3
34,50,-2.0,9.27729e-07,13.906234999999999,3
35,50,-2.0,3.40944e-05,12.504011,3
36,50,-2.0,0.000150485,12.448898999999999,3
37,50,-2.0,4.3329e-07,12.310677,3
38,50,-2.0,2.89582e-07,13.648456,3
39,50,-2.0,2.26795e-06,13.179122999999999,3
40,50,-2.0,1.95542e-07,13.326234,3
41,50,-2.0,6.56378e-07,13.960901,3
42,50,-2.0,1.04512e-06,15.087568999999998,3
43,50,-2.0,3.56907e-06,14.933791,3
44,50,-2.0,2.78722e-07,18.563572,3
45,50,-2.0,3.55479e-06,13.246234,3
46,50,-2.0,2.2737e-05,14.270235,3
47,50,-2.0,3.72348e-07,13.123567999999999,3
48,50,-2.0,3.01909e-07,11.298231999999999,3
49,50,-2.0,2.3765e-06,13.126234,3
50,50,-2.0,3.6354e-07,12.470678,3
51,50,-2.0,4.34992e-06,15.436902,3
52,50,-2.0,2.68961e-06,14.128900999999999,3
53,50,-2.0,3.92312e-06,15.299569,3
54,50,-2.0,1.28923e-06,14.878236,3
55,50,-2.0,1.03729e-06,14.16179,3
56,50,-2.0,2.21327e-06,16.210681,3
57,50,-2.0,2.26743e-06,15.13068,3
58,50,-2.0,8.1038e-07,16.334681,3
59,50,-2.0,1.49112e-05,14.391568999999999,3
60,50,-2.0,1.98078e-06,12.820011,3
61,50,-2.0,1.60625e-06,13.562679,3
62,50,-2.0,2.16397e-06,13.84579,3
63,50,-2.0,1.84347e-07,13.10179,3
64,50,-2.0,3.02612e-07,14.064902,3
65,50,-2.0,1.38803e-06,17.550682,3
66,50,-2.0,7.06006e-06,16.551571,3
67,50,-2.0,1.84743e-06,12.916456,3
68,50,-2.0,2.93436e-06,14.525345999999999,3
69,50,-2.0,0.00023252,13.804901,3
70,50,-2.0,1.01042e-06,15.617790999999999,3
71,50,-2.0,1.27567e-05,13.071567,3
72,50,-2.0,5.57371e-07,11.093344,3
73,50,-2.0,2.5448e-07,11.98001,3
74,50,-2.0,8.67218e-06,14.80668,3
75,50,-2.0,3.5107e-06,14.071124,3
76,50,-2.0,5.40502e-07,12.792456,3
77,50,-2.0,7.06049e-06,12.888456,3
78,50,-2.0,3.34733e-06,14.142234,3
79,50,-2.0,7.78248e-06,12.804012,3
80,50,-2.0,1.91413e-06,12.883123,3
81,50,-2.0,1.36575e-06,13.071123,3
82,50,-2.0,1.69067e-06,17.060458999999998,3
83,50,-2.0,4.95118e-07,15.155123999999999,3
84,50,-2.0,1.08209e-06,13.988456999999999,3
85,50,-2.0,1.49837e-05,14.504456999999999,3
86,50,-2.0,1.48598e-06,15.272901999999998,3
87,50,-2.0,3.54206e-05,14.372012999999999,3
88,50,-2.0,1.98752e-05,13.508457,3
89,50,-2.0,1.31043e-06,13.964901,3
90,50,-2.0,1.18438e-06,15.160013999999999,3
91,50,-2.0,7.4009e-07,15.911124999999998,3
92,50,-2.0,1.04658e-05,17.866239,3
93,50,-2.0,1.07226e-06,12.933788999999999,3
94,50,-2.0,2.23337e-06,16.063126,3
95,50,-2.0,3.04185e-05,16.06757,3
96,50,-2.0,9.37454e-07,13.689789999999999,3
97,50,-2.0,9.35093e-07,14.873790999999999,3
98,50,-2.0,1.98714e-06,13.788901,3
99,50,-2.0,5.51201e-06,12.479122,3
0,50,-3.0,4.2087e-05,15.197790999999999,3
1,50,-3.0,3.01972e-07,14.973346,3
2,50,-3.0,1.40692e-06,14.448011999999999,3
3,50,-3.0,1.00505e-06,12.739122,3
4,50,-3.0,1.12933e-06,12.333788,3
5,50,-3.0,2.25167e-06,12.908456,3
6,50,-3.0,9.99357e-07,14.091567999999999,3
7,50,-3.0,2.13373e-06,13.59779,3
8,50,-3.0,5.10752e-05,14.235567999999999,3
9,50,-3.0,7.40893e-06,14.269345999999999,3
10,50,-3.0,1.71592e-06,13.091123,3
11,50,-3.0,2.24443e-05,17.504459999999998,3
12,50,-3.0,4.79197e-05,15.828014,3
13,50,-3.0,1.21921e-06,14.056457,3
14,50,-3.0,3.99816e-07,13.926235,3
15,50,-3.0,1.29384e-06,14.325346,3
16,50,-3.0,6.29612e-06,12.013788,3
17,50,-3.0,1.73216e-05,14.102234999999999,3
18,50,-3.0,3.03224e-07,14.428458,3
19,50,-3.0,9.90963e-07,17.908459999999998,3
20,50,-3.0,3.14865e-06,15.012457999999999,3
21,50,-3.0,8.20675e-07,13.559567999999999,3
22,50,-3.0,1.23721e-06,14.580458,3
23,50,-3.0,1.01415e-05,13.544901,3
24,50,-3.0,1.88205e-06,12.979123,3
25,50,-3.0,7.95154e-07,14.136457,3
26,50,-3.0,2.44175e-07,15.452014,3
27,50,-3.0,1.65951e-06,15.841792,3
28,50,-3.0,9.53012e-06,12.560456,3
29,50,-3.0,8.58936e-06,14.682236,3
30,50,-3.0,1.50437e-06,22.187130999999997,3
31,50,-3.0,1.29693e-06,15.984458,3
32,50,-3.0,2.04664e-05,15.168014,3
33,50,-3.0,1.12794e-06,13.420456,3
34,50,-3.0,1.82858e-06,12.575566,3
35,50,-3.0,3.04215e-06,14.749791,3
36,50,-3.0,4.61245e-06,13.846679,3
37,50,-3.0,1.60798e-06,13.89379,3
38,50,-3.0,8.22217e-05,12.557343999999999,3
39,50,-3.0,1.26233e-06,13.281789,3
40,50,-3.0,6.06835e-07,11.925343999999999,3
41,50,-3.0,3.83416e-07,17.319571,3
42,50,-3.0,9.18238e-07,13.360456,3
43,50,-3.0,2.63125e-07,13.244900999999999,3
44,50,-3.0,2.07668e-07,15.159123999999998,3
45,50,-3.0,6.18421e-06,13.675123,3
46,50,-3.0,6.68805e-06,14.627569,3
47,50,-3.0,9.12504e-07,12.9009,3
48,50,-3.0,3.38906e-06,14.984902,3
49,50,-3.0,1.71175e-06,15.059569,3
50,50,-3.0,2.15976e-05,12.983122999999999,3
51,50,-3.0,4.24743e-06,12.749789,3
52,50,-3.0,4.66225e-05,12.423566,3
53,50,-3.0,4.10271e-06,16.876459,3
54,50,-3.0,4.10407e-06,14.892014,3
55,50,-3.0,4.96527e-07,13.334233999999999,3
56,50,-3.0,2.4131e-07,15.21468,3
57,50,-3.0,1.59202e-06,18.404017,3
58,50,-3.0,7.71243e-07,15.544013999999999,3
59,50,-3.0,5.12339e-06,14.586236,3
60,50,-3.0,1.35843e-06,15.399569,3
61,50,-3.0,1.60163e-06,14.359122999999999,3
62,50,-3.0,9.29066e-06,14.382235,3
63,50,-3.0,5.27446e-07,12.624011,3
64,50,-3.0,1.14275e-06,15.485346999999999,3
65,50,-3.0,6.78189e-07,17.509349,3
66,50,-3.0,7.24594e-07,13.731123,3
67,50,-3.0,4.00041e-06,13.086678,3
68,50,-3.0,2.31065e-07,15.186679999999999,3
69,50,-3.0,4.17129e-07,15.755125,3
70,50,-3.0,4.83855e-07,14.912901999999999,3
71,50,-3.0,2.69722e-06,14.275124,3
72,50,-3.0,0.000200615,18.776906,3
73,50,-3.0,1.17797e-06,15.512013,3
74,50,-3.0,4.57407e-06,13.624455999999999,3
75,50,-3.0,2.92247e-05,14.808014,3
76,50,-3.0,2.52098e-07,15.243124,3
77,50,-3.0,1.00783e-05,13.094679,3
78,50,-3.0,1.08544e-06,12.494677999999999,3
79,50,-3.0,2.27626e-07,12.216899,3
80,50,-3.0,0.000101014,14.870235,3
81,50,-3.0,3.09681e-06,12.376455,3
82,50,-3.0,9.67818e-07,14.649346999999999,3
83,50,-3.0,2.11876e-06,13.325344999999999,3
84,50,-3.0,1.74284e-06,15.733346999999998,3
85,50,-3.0,1.59842e-06,14.121345999999999,3
86,50,-3.0,2.71568e-07,12.155566,3
87,50,-3.0,9.11304e-05,13.1449,3
88,50,-3.0,6.69997e-07,14.573789999999999,3
89,50,-3.0,1.06839e-06,16.384014999999998,3
90,50,-3.0,1.48409e-05,16.236015,3
91,50,-3.0,8.11711e-07,12.063122,3
92,50,-3.0,4.07271e-07,13.493345,3
93,50,-3.0,0.000262836,13.247123,3
94,50,-3.0,1.16691e-05,17.203571,3
95,50,-3.0,0.000581537,15.666236,3
96,50,-3.0,5.36439e-07,14.032456999999999,3
97,50,-3.0,1.09523e-06,15.825346999999999,3
98,50,-3.0,8.88611e-07,12.930233,3
99,50,-3.0,6.66642e-06,14.796012999999999,3
0,50,-4.0,2.22268e-06,18.173348999999998,3
1,50,-4.0,1.85711e-06,14.750235,3
2,50,-4.0,4.82597e-07,13.566678999999999,3
3,50,-4.0,1.29153e-06,14.888014,3
4,50,-4.0,3.95368e-07,14.707569,3
5,50,-4.0,2.89344e-06,13.405344999999999,3
6,50,-4.0,1.35547e-05,12.263122,3
7,50,-4.0,8.81514e-07,16.392903,3
8,50,-4.0,1.00543e-05,12.639121999999999,3
9,50,-4.0,9.26103e-06,12.7569,3
10,50,-4.0,4.04827e-05,13.919568,3
11,50,-4.0,1.74342e-05,14.53868,3
12,50,-4.0,3.94594e-07,13.543123,3
13,50,-4.0,2.55106e-06,14.216457,3
14,50,-4.0,5.73847e-07,14.440456999999999,3
15,50,-4.0,9.37607e-07,20.179572999999998,3
16,50,-4.0,5.21941e-06,12.089343999999999,3
17,50,-4.0,5.12265e-12,18.832905,4
18,50,-4.0,6.2472e-07,18.467572,3
19,50,-4.0,1.4256e-05,15.831126,3
20,50,-4.0,1.32102e-06,19.916907,3
21,50,-4.0,6.26971e-05,13.764901,3
22,50,-4.0,2.83179e-06,12.849789,3
23,50,-4.0,8.43134e-07,19.279573,3
24,50,-4.0,7.27758e-07,16.511571,3
25,50,-4.0,7.96834e-06,15.003124,3
26,50,-4.0,1.30966e-06,26.069801,3
27,50,-4.0,1.48038e-06,14.274235,3
28,50,-4.0,2.23176e-06,19.176016999999998,3
29,50,-4.0,2.1984e-05,11.440455,3
30,50,-4.0,4.06836e-07,13.324012,3
31,50,-4.0,1.60561e-06,13.704901,3
32,50,-4.0,1.40977e-06,12.915567,3
33,50,-4.0,5.43436e-06,16.571569999999998,3
34,50,-4.0,4.61444e-06,16.972015,3
35,50,-4.0,1.28212e-06,13.270678,3
36,50,-4.0,1.56641e-06,16.572015,3
37,50,-4.0,4.36838e-07,12.808012,3
38,50,-4.0,9.0975e-06,14.099568,3
39,50,-4.0,4.20574e-07,13.522234,3
40,50,-4.0,3.09056e-06,12.584012,3
41,50,-4.0,4.69529e-07,13.971124,3
42,50,-4.0,7.2683e-06,12.333344,3
43,50,-4.0,8.2478e-05,12.611122,3
44,50,-4.0,3.07589e-06,14.020012999999999,3
45,50,-4.0,1.77079e-12,15.28268,4
46,50,-4.0,1.7122e-05,14.601346999999999,3
47,50,-4.0,2.17944e-06,15.047124,3
48,50,-4.0,2.17571e-05,24.954244,3
49,50,-4.0,2.94058e-07,27.11958,3
50,50,-4.0,2.8402e-06,15.405790999999999,3
51,50,-4.0,2.53614e-06,13.626679,3
52,50,-4.0,3.87712e-06,15.380014,3
53,50,-4.0,5.21447e-06,14.747568999999999,3
54,50,-4.0,1.76379e-07,10.786676,3
55,50,-4.0,1.63646e-05,14.252901,3
56,50,-4.0,3.46113e-06,13.662234,3
57,50,-4.0,4.60257e-06,15.393346999999999,3
58,50,-4.0,1.81203e-11,18.307572,4
59,50,-4.0,1.00702e-06,13.130678,3
60,50,-4.0,9.95793e-05,14.597346,3
61,50,-4.0,3.4113e-07,14.874234999999999,3
62,50,-4.0,1.09112e-05,13.788012,3
63,50,-4.0,8.90283e-07,13.589789999999999,3
64,50,-4.0,2.64129e-07,13.723123999999999,3
65,50,-4.0,2.96233e-05,14.715568999999999,3
66,50,-4.0,2.48985e-07,13.849345999999999,3
67,50,-4.0,3.03439e-07,15.043569,3
68,50,-4.0,5.3038e-05,13.289344999999999,3
69,50,-4.0,1.85595e-06,15.009347,3
70,50,-4.0,1.84542e-06,19.428017,3
71,50,-4.0,1.60778e-07,12.453788999999999,3
72,50,-4.0,8.62196e-06,15.508903,3
73,50,-4.0,1.58738e-06,14.528013,3
74,50,-4.0,3.74031e-06,11.026232,3
75,50,-4.0,7.62947e-06,13.504456,3
76,50,-4.0,1.0988e-06,12.484010999999999,3
77,50,-4.0,6.052e-07,12.700899999999999,3
78,50,-4.0,6.22096e-07,15.154236,3
79,50,-4.0,2.21184e-07,14.31068,3
80,50,-4.0,2.10734e-06,19.381795,3
81,50,-4.0,9.60767e-05,20.738239999999998,3
82,50,-4.0,1.1138e-06,18.22535,3
83,50,-4.0,7.59477e-07,19.193794999999998,3
84,50,-4.0,4.43546e-06,17.016015,3
85,50,-4.0,7.5372e-07,13.151567,3
86,50,-4.0,3.49361e-06,17.305349,3
87,50,-4.0,4.92731e-07,13.288457,3
88,50,-4.0,1.37434e-06,15.168458,3
89,50,-4.0,9.0051e-07,34.557364,3
90,50,-4.0,6.10732e-07,15.871125,3
91,50,-4.0,6.15478e-06,15.428458,3
92,50,-4.0,4.67987e-07,14.648458,3
93,50,-4.0,8.0406e-06,11.701787999999999,3
94,50,-4.0,3.86715e-07,14.137789999999999,3
95,50,-4.0,1.55442e-06,14.753345999999999,3
96,50,-4.0,1.32487e-06,10.034675,3
97,50,-4.0,1.68138e-06,13.935568,3
98,50,-4.0,1.7416e-05,14.468013,3
99,50,-4.0,7.74967e-07,14.316013,3
0,50,-5.0,2.05258e-06,14.138235,3
1,50,-5.0,4.9213e-07,12.732899999999999,3
2,50,-5.0,3.25233e-07,19.813351,3
3,50,-5.0,7.26237e-07,13.199123,3
4,50,-5.0,1.32039e-06,11.812011,3
5,50,-5.0,1.93177e-06,15.685791,3
6,50,-5.0,7.75352e-07,13.110678,3
7,50,-5.0,2.12723e-07,11.176454999999999,3
8,50,-5.0,3.49943e-06,15.979569999999999,3
9,50,-5.0,3.29458e-06,12.686677999999999,3
10,50,-5.0,2.11116e-13,14.850679,4
11,50,-5.0,7.83717e-06,12.255567,3
12,50,-5.0,5.30514e-07,14.37068,3
13,50,-5.0,5.98431e-07,12.764899999999999,3
14,50,-5.0,1.6125e-06,13.557789999999999,3
15,50,-5.0,8.71685e-06,12.885788999999999,3
16,50,-5.0,2.55083e-13,21.029352,4
17,50,-5.0,2.70401e-07,13.409345,3
18,50,-5.0,6.10924e-12,13.027123,4
19,50,-5.0,5.36208e-07,13.107567,3
20,50,-5.0,1.28496e-13,16.420459,4
21,50,-5.0,2.29098e-07,13.376011,3
22,50,-5.0,1.26498e-06,12.944455999999999,3
23,50,-5.0,1.41626e-06,14.047568,3
24,50,-5.0,6.97253e-06,13.031123,3
25,50,-5.0,3.68848e-13,18.548461,4
26,50,-5.0,8.23256e-07,16.690237,3
27,50,-5.0,8.02681e-06,16.805792999999998,3
28,50,-5.0,1.82187e-06,12.736011,3
29,50,-5.0,1.16177e-06,12.167121999999999,3
30,50,-5.0,2.91217e-06,13.304456,3
31,50,-5.0,4.02925e-07,14.355569,3
32,50,-5.0,1.83124e-07,14.925346,3
33,50,-5.0,3.75531e-06,13.169345,3
34,50,-5.0,3.8778e-13,15.809346999999999,4
35,50,-5.0,9.90847e-13,14.978235,4
36,50,-5.0,1.05448e-13,14.624457,4
37,50,-5.0,4.9427e-06,13.846233999999999,3
38,50,-5.0,3.1942e-13,22.066242,4
39,50,-5.0,1.08205e-06,15.233791,3
40,50,-5.0,9.87727e-13,15.126235999999999,4
41,50,-5.0,3.62422e-06,14.364457,3
42,50,-5.0,9.11593e-07,16.008459,3
43,50,-5.0,3.93082e-06,14.405346,3
44,50,-5.0,1.85305e-06,13.616012,3
45,50,-5.0,1.61779e-13,17.523125999999998,4
46,50,-5.0,1.93766e-13,12.394233,4
47,50,-5.0,3.03147e-07,16.762237,3
48,50,-5.0,3.04635e-12,16.022681,4
49,50,-5.0,3.09676e-07,16.494237,3
50,50,-5.0,3.23857e-06,14.426235,3
51,50,-5.0,6.20762e-07,12.612012,3
52,50,-5.0,9.44635e-06,19.318683999999998,3
53,50,-5.0,8.24991e-06,14.169345999999999,3
54,50,-5.0,6.14617e-07,13.196456,3
55,50,-5.0,3.48482e-06,13.142678,3
56,50,-5.0,1.35229e-06,13.292456,3
57,50,-5.0,3.7915e-06,15.305347,3
58,50,-5.0,8.1129e-07,13.804901,3
59,50,-5.0,2.53864e-06,15.175569,3
60,50,-5.0,5.00633e-06,18.332459999999998,3
61,50,-5.0,2.27449e-06,14.18179,3
62,50,-5.0,3.31266e-06,12.467122,3
63,50,-5.0,7.76449e-06,13.480011999999999,3
64,50,-5.0,1.03932e-12,12.998232999999999,4
65,50,-5.0,5.40024e-07,11.696455,3
66,50,-5.0,3.48563e-06,13.301345,3
67,50,-5.0,4.03208e-07,13.760012,3
68,50,-5.0,1.09599e-06,10.715565,3
69,50,-5.0,6.14828e-07,21.792908,3
70,50,-5.0,8.957e-07,12.336011,3
71,50,-5.0,6.0906e-07,15.303569,3
72,50,-5.0,1.99052e-06,13.756902,3
73,50,-5.0,7.05615e-13,13.941345,4
74,50,-5.0,7.88281e-07,14.035122999999999,3
75,50,-5.0,9.14611e-06,13.514679,3
76,50,-5.0,1.73723e-06,13.787123,3
77,50,-5.0,4.23311e-13,15.485346999999999,4
78,50,-5.0,5.10902e-13,15.675125,4
79,50,-5.0,5.40184e-07,13.604011999999999,3
80,50,-5.0,2.81524e-13,13.82579,4
81,50,-5.0,4.22733e-06,13.771568,3
82,50,-5.0,4.17956e-07,14.008457,3
83,50,-5.0,5.58754e-06,13.642235,3
84,50,-5.0,4.32802e-07,19.383129,3
85,50,-5.0,2.53137e-06,12.546676999999999,3
86,50,-5.0,3.67573e-06,14.424901,3
87,50,-5.0,2.6123e-06,13.345345,3
88,50,-5.0,3.36739e-07,12.071565999999999,3
89,50,-5.0,1.4494e-06,12.763567,3
90,50,-5.0,2.96296e-06,15.813346999999998,3
91,50,-5.0,2.47878e-06,13.083566999999999,3
92,50,-5.0,4.16854e-06,11.616454,3
93,50,-5.0,2.13033e-06,11.977343999999999,3
94,50,-5.0,6.40695e-13,12.997789,4
95,50,-5.0,3.10016e-06,14.826236,3
96,50,-5.0,4.03901e-07,14.257346,3
97,50,-5.0,2.78989e-06,18.092461,3
98,50,-5.0,2.32098e-06,12.556011,3
99,50,-5.0,2.87897e-06,12.905344,3
0,100,-1.0,3.16672e-06,70.376952,3
1,100,-1.0,0.000718955,62.500054999999996,3
2,100,-1.0,1.462e-05,68.171616,3
3,100,-1.0,2.72183e-06,58.056495999999996,3
4,100,-1.0,7.39969e-06,59.850719999999995,3
5,100,-1.0,0.000445791,65.861836,3
6,100,-1.0,4.57184e-06,86.83963299999999,3
7,100,-1.0,3.18375e-06,113.871657,3
8,100,-1.0,4.7782e-06,111.07920999999999,3
9,100,-1.0,5.18043e-06,109.685875,3
10,100,-1.0,0.00133719,122.352109,3
11,100,-1.0,0.00139445,111.60232099999999,3
12,100,-1.0,4.92668e-06,72.06717499999999,3
13,100,-1.0,1.18631e-05,70.555174,3
14,100,-1.0,0.000237833,71.653398,3
15,100,-1.0,5.08212e-06,68.954728,3
16,100,-1.0,5.83047e-06,57.22494,3
17,100,-1.0,4.32579e-06,55.84316,3
18,100,-1.0,1.82976e-05,73.225399,3
19,100,-1.0,2.83664e-06,93.14274999999999,3
20,100,-1.0,4.34782e-05,57.933828999999996,3
21,100,-1.0,4.34716e-06,65.03428,3
22,100,-1.0,9.00633e-06,61.485388,3
23,100,-1.0,8.77809e-05,62.272499999999994,3
24,100,-1.0,4.3417e-05,91.012969,3
25,100,-1.0,0.000207058,64.662724,3
26,100,-1.0,3.56352e-06,70.44984099999999,3
27,100,-1.0,9.32621e-06,65.568058,3
28,100,-1.0,0.000120011,54.756938,3
29,100,-1.0,6.06467e-06,72.718287,3
30,100,-1.0,6.20305e-05,64.237835,3
31,100,-1.0,2.03843e-06,69.987173,3
32,100,-1.0,1.14654e-05,69.66583899999999,3
33,100,-1.0,1.64375e-06,64.707613,3
34,100,-1.0,4.36422e-06,71.793398,3
35,100,-1.0,7.96325e-06,92.856083,3
36,100,-1.0,3.1535e-06,78.17251399999999,3
37,100,-1.0,0.000129214,96.473863,3
38,100,-1.0,2.34793e-05,73.689843,3
39,100,-1.0,3.36036e-06,72.456954,3
40,100,-1.0,3.52048e-06,77.620069,3
41,100,-1.0,6.83922e-06,74.12673199999999,3
42,100,-1.0,3.66626e-06,79.05695899999999,3
43,100,-1.0,1.22432e-05,82.260074,3
44,100,-1.0,7.17942e-06,77.608958,3
45,100,-1.0,3.37115e-06,78.62007,3
46,100,-1.0,5.4568e-05,72.25473099999999,3
47,100,-1.0,0.000107029,66.830281,3
48,100,-1.0,0.000227212,70.764951,3
49,100,-1.0,1.52882e-06,112.020544,3
50,100,-1.0,4.61597e-06,68.798283,3
51,100,-1.0,3.16415e-06,78.294736,3
52,100,-1.0,5.67268e-06,82.972962,3
53,100,-1.0,9.11657e-06,75.1054,3
54,100,-1.0,7.18867e-06,73.488066,3
55,100,-1.0,4.99933e-06,80.277849,3
56,100,-1.0,8.26848e-06,71.30273,3
57,100,-1.0,8.79994e-06,79.41873799999999,3
58,100,-1.0,1.2442e-06,82.49518499999999,3
59,100,-1.0,3.40776e-05,78.34673599999999,3
60,100,-1.0,4.1352e-05,86.608522,3
61,100,-1.0,4.87909e-06,74.61784399999999,3
62,100,-1.0,1.17882e-05,67.85028299999999,3
63,100,-1.0,1.95797e-05,66.873393,3
64,100,-1.0,1.23018e-05,71.517397,3
65,100,-1.0,1.43395e-06,75.07206699999999,3
66,100,-1.0,8.14825e-06,81.27385,3
67,100,-1.0,5.2499e-05,85.853854,3
68,100,-1.0,1.73103e-05,78.885403,3
69,100,-1.0,7.2042e-06,72.17161999999999,3
70,100,-1.0,0.000553246,78.303181,3
71,100,-1.0,2.77824e-05,79.18584899999999,3
72,100,-1.0,6.57432e-06,76.43740199999999,3
73,100,-1.0,8.53918e-05,82.688518,3
74,100,-1.0,0.000707593,79.709848,3
75,100,-1.0,3.211e-05,73.694732,3
76,100,-1.0,6.56288e-06,88.38496699999999,3
77,100,-1.0,3.45214e-06,86.42541,3
78,100,-1.0,2.02924e-05,67.761838,3
79,100,-1.0,1.91119e-06,81.96674,3
80,100,-1.0,1.82607e-05,75.136067,3
81,100,-1.0,2.07996e-05,85.436521,3
82,100,-1.0,2.79633e-06,67.786283,3
83,100,-1.0,1.85219e-05,93.964528,3
84,100,-1.0,3.77888e-05,92.06985999999999,3
85,100,-1.0,6.44078e-05,75.571623,3
86,100,-1.0,7.92812e-06,77.702292,3
87,100,-1.0,0.000334504,75.89429,3
88,100,-1.0,0.000241646,92.317415,3
89,100,-1.0,3.23079e-06,71.29695199999999,3
90,100,-1.0,2.56322e-05,79.56096,3
91,100,-1.0,8.70683e-06,87.167633,3
92,100,-1.0,7.47186e-06,77.909403,3
93,100,-1.0,2.34535e-05,82.90007299999999,3
94,100,-1.0,7.2312e-06,84.185408,3
95,100,-1.0,8.24286e-06,72.896954,3
96,100,-1.0,5.58851e-06,90.25296999999999,3
97,100,-1.0,5.28035e-06,89.788524,3
98,100,-1.0,5.83569e-06,76.277401,3
99,100,-1.0,1.83157e-05,83.265407,3
0,100,-2.0,2.73962e-06,83.977408,3
1,100,-2.0,3.70694e-06,80.915628,3
2,100,-2.0,5.08362e-05,83.717852,3
3,100,-2.0,1.98072e-05,91.866304,3
4,100,-2.0,2.14984e-05,82.64407299999999,3
5,100,-2.0,0.000115281,86.11652099999999,3
6,100,-2.0,5.06646e-06,78.223181,3
7,100,-2.0,1.06568e-05,80.05784899999999,3
8,100,-2.0,1.38586e-05,79.989848,3
9,100,-2.0,2.39185e-06,84.583186,3
10,100,-2.0,3.72547e-06,83.385407,3
11,100,-2.0,5.26851e-05,89.120969,3
12,100,-2.0,5.15072e-05,77.37829099999999,3
13,100,-2.0,4.81438e-05,87.072966,3
14,100,-2.0,7.05565e-06,90.738303,3
15,100,-2.0,1.89292e-05,82.54051799999999,3
16,100,-2.0,4.93323e-06,77.884514,3
17,100,-2.0,8.96841e-06,100.878757,3
18,100,-2.0,7.75578e-06,85.232965,3
19,100,-2.0,9.81507e-05,77.032068,3
20,100,-2.0,1.19181e-05,71.80273,3
21,100,-2.0,1.59695e-05,63.481835,3
22,100,-2.0,1.07037e-05,80.05829399999999,3
23,100,-2.0,0.000153979,72.609842,3
24,100,-2.0,1.60681e-06,81.471628,3
25,100,-2.0,2.2909e-05,84.036519,3
26,100,-2.0,3.2219e-06,81.728072,3
27,100,-2.0,4.36184e-05,73.682287,3
28,100,-2.0,9.83975e-06,78.577848,3
29,100,-2.0,1.20875e-06,77.71118,3
30,100,-2.0,2.88491e-06,80.039627,3
31,100,-2.0,2.33572e-05,86.33696499999999,3
32,100,-2.0,3.09175e-05,87.918745,3
33,100,-2.0,4.4649e-06,84.80051999999999,3
34,100,-2.0,2.04708e-05,87.844967,3
35,100,-2.0,0.00336219,89.391635,3
36,100,-2.0,1.50859e-05,85.803187,3
37,100,-2.0,2.52857e-05,79.715627,3
38,100,-2.0,2.04266e-05,83.556963,3
39,100,-2.0,2.88922e-05,78.06762499999999,3
40,100,-2.0,1.62856e-06,79.05695899999999,3
41,100,-2.0,0.000287472,71.04673,3
42,100,-2.0,1.95283e-06,68.83028399999999,3
43,100,-2.0,2.30532e-05,70.02672799999999,3
44,100,-2.0,2.38818e-05,70.385841,3
45,100,-2.0,2.32698e-05,71.312952,3
46,100,-2.0,4.59052e-05,67.073837,3
47,100,-2.0,0.000280199,74.633844,3
48,100,-2.0,3.87521e-06,63.592501,3
49,100,-2.0,2.1963e-06,71.363174,3
50,100,-2.0,9.46742e-05,72.144953,3
51,100,-2.0,0.000652261,68.99072799999999,3
52,100,-2.0,9.44818e-06,64.346279,3
53,100,-2.0,2.16968e-06,97.72542,3
54,100,-2.0,0.000102001,72.224064,3
55,100,-2.0,2.88739e-05,83.21429599999999,3
56,100,-2.0,2.16135e-05,69.19117299999999,3
57,100,-2.0,0.0010493,64.764946,3
58,100,-2.0,2.41719e-06,66.118281,3
59,100,-2.0,2.29596e-05,74.511177,3
60,100,-2.0,1.77237e-06,73.237398,3
61,100,-2.0,3.52829e-06,66.68539299999999,3
62,100,-2.0,5.77649e-06,59.840053,3
63,100,-2.0,2.72258e-05,60.039165,3
64,100,-2.0,1.25862e-05,67.596949,3
65,100,-2.0,8.52928e-06,63.188945,3
66,100,-2.0,0.000181458,65.279614,3
67,100,-2.0,8.76896e-06,63.508945,3
68,100,-2.0,4.54403e-06,66.706282,3
69,100,-2.0,4.11797e-06,76.77206799999999,3
70,100,-2.0,2.68156e-06,75.319178,3
71,100,-2.0,1.24055e-06,63.644946,3
72,100,-2.0,2.26712e-06,77.68318,3
73,100,-2.0,3.43905e-06,69.86672899999999,3
74,100,-2.0,4.50366e-06,69.113839,3
75,100,-2.0,0.000294044,69.540061,3
76,100,-2.0,0.000136069,92.156082,3
77,100,-2.0,2.38874e-06,73.375176,3
78,100,-2.0,1.59453e-06,76.305402,3
79,100,-2.0,6.98534e-05,65.188502,3
80,100,-2.0,2.88477e-05,75.471622,3
81,100,-2.0,4.16077e-06,58.115162999999995,3
82,100,-2.0,4.03933e-05,63.646277999999995,3
83,100,-2.0,1.46326e-05,63.310278,3
84,100,-2.0,7.16282e-06,64.660502,3
85,100,-2.0,8.20343e-06,77.51118,3
86,100,-2.0,5.58881e-05,69.380062,3
87,100,-2.0,5.6534e-06,67.812505,3
88,100,-2.0,2.12832e-05,71.72850799999999,3
89,100,-2.0,0.000303758,62.187166,3
90,100,-2.0,6.86618e-06,69.868507,3
91,100,-2.0,2.0923e-06,62.888056,3
92,100,-2.0,3.45968e-05,66.897393,3
93,100,-2.0,1.95502e-05,69.939173,3
94,100,-2.0,7.33349e-06,85.189853,3
95,100,-2.0,0.000763999,56.834272999999996,3
96,100,-2.0,0.000259841,66.212503,3
97,100,-2.0,1.58395e-05,66.518725,3
98,100,-2.0,2.11455e-06,73.369399,3
99,100,-2.0,1.70722e-05,72.02006399999999,3
0,100,-3.0,1.38863e-05,74.962734,3
1,100,-3.0,2.97655e-05,72.356954,3
2,100,-3.0,0.000203054,67.227615,3
3,100,-3.0,0.000105328,81.167628,3
4,100,-3.0,0.000115495,69.021839,3
5,100,-3.0,8.7211e-06,64.29650099999999,3
6,100,-3.0,4.47594e-05,71.305841,3
7,100,-3.0,0.000122221,80.29162699999999,3
8,100,-3.0,1.54662e-06,63.580501,3
9,100,-3.0,9.90878e-06,70.75873,3
10,100,-3.0,7.91035e-05,79.78984799999999,3
11,100,-3.0,1.65122e-05,70.678285,3
12,100,-3.0,9.7457e-06,75.834734,3
13,100,-3.0,3.23811e-05,67.81517099999999,3
14,100,-3.0,2.69197e-05,89.638746,3
15,100,-3.0,0.00010545,77.696513,3
16,100,-3.0,1.73416e-05,72.706287,3
17,100,-3.0,0.000152539,70.542729,3
18,100,-3.0,9.21387e-06,68.093839,3
19,100,-3.0,1.89282e-05,72.001398,3
20,100,-3.0,2.30748e-06,72.88406499999999,3
21,100,-3.0,3.06027e-05,82.008073,3
22,100,-3.0,1.72897e-06,75.84051199999999,3
23,100,-3.0,4.98468e-05,62.442722999999994,3
24,100,-3.0,1.17624e-05,63.427167999999995,3
25,100,-3.0,6.69897e-06,78.00407,3
26,100,-3.0,3.07645e-06,68.562283,3
27,100,-3.0,1.95954e-05,72.28717499999999,3
28,100,-3.0,3.20671e-05,65.893836,3
29,100,-3.0,2.3524e-05,81.946739,3
30,100,-3.0,1.70804e-05,81.135628,3
31,100,-3.0,1.7895e-05,62.871167,3
32,100,-3.0,7.49017e-06,61.008055,3
33,100,-3.0,4.35956e-06,72.83517599999999,3
34,100,-3.0,1.27648e-06,79.049848,3
35,100,-3.0,0.000199524,76.516513,3
36,100,-3.0,1.08967e-05,69.93339499999999,3
37,100,-3.0,0.00029109,76.38629,3
38,100,-3.0,1.06777e-05,73.158287,3
39,100,-3.0,9.5128e-06,79.44896,3
40,100,-3.0,1.77499e-05,68.578728,3
41,100,-3.0,2.02103e-06,70.217395,3
42,100,-3.0,8.29873e-05,73.330287,3
43,100,-3.0,9.93654e-07,66.025392,3
44,100,-3.0,4.23643e-05,76.30762399999999,3
45,100,-3.0,1.15043e-05,76.17962299999999,3
46,100,-3.0,8.58132e-06,83.013407,3
47,100,-3.0,0.000173604,72.704509,3
48,100,-3.0,5.88524e-05,74.731177,3
49,100,-3.0,6.4821e-06,79.393849,3
50,100,-3.0,4.34401e-05,77.77651399999999,3
51,100,-3.0,7.27758e-06,72.839176,3
52,100,-3.0,1.62931e-05,71.573841,3
53,100,-3.0,0.00067897,71.357841,3
54,100,-3.0,2.41027e-06,63.844500999999994,3
55,100,-3.0,7.28052e-06,74.510733,3
56,100,-3.0,9.01167e-06,64.55828,3
57,100,-3.0,5.5592e-06,65.76628099999999,3
58,100,-3.0,0.00060443,65.82183599999999,3
59,100,-3.0,0.000122252,75.995178,3
60,100,-3.0,9.12824e-06,77.280069,3
61,100,-3.0,1.32414e-05,74.056511,3
62,100,-3.0,1.21191e-05,62.772943999999995,3
63,100,-3.0,2.21898e-05,64.340057,3
64,100,-3.0,7.23306e-06,80.123626,3
65,100,-3.0,4.34145e-06,65.760503,3
66,100,-3.0,5.08816e-05,66.685392,3
67,100,-3.0,1.62773e-05,75.726734,3
68,100,-3.0,1.29166e-05,73.27784299999999,3
69,100,-3.0,3.02527e-11,70.539174,4
70,100,-3.0,3.96664e-06,70.279618,3
71,100,-3.0,6.58402e-05,81.48585,3
72,100,-3.0,5.6783e-06,76.731623,3
73,100,-3.0,1.06303e-05,66.494281,3
74,100,-3.0,3.89586e-05,75.824512,3
75,100,-3.0,5.15393e-05,76.789846,3
76,100,-3.0,7.4311e-06,82.513851,3
77,100,-3.0,5.84353e-06,63.958279,3
78,100,-3.0,1.81185e-05,72.704953,3
79,100,-3.0,3.02949e-05,58.24583,3
80,100,-3.0,4.29545e-06,64.61250199999999,3
81,100,-3.0,4.8477e-06,61.337388,3
82,100,-3.0,5.40019e-05,48.622265,3
83,100,-3.0,2.01666e-06,61.996055,3
84,100,-3.0,3.25265e-06,90.947192,3
85,100,-3.0,6.44617e-05,118.879661,3
86,100,-3.0,7.57363e-06,52.530713,3
87,100,-3.0,8.93809e-06,52.328491,3
88,100,-3.0,1.68065e-06,58.061384999999994,3
89,100,-3.0,2.55185e-06,48.547154,3
90,100,-3.0,3.0241e-05,59.099163,3
91,100,-3.0,8.4732e-06,65.456058,3
92,100,-3.0,9.01758e-06,71.914731,3
93,100,-3.0,4.08363e-06,60.811609999999995,3
94,100,-3.0,0.000107336,64.50761299999999,3
95,100,-3.0,7.93786e-06,55.104938,3
96,100,-3.0,4.4808e-06,61.441832999999995,3
97,100,-3.0,1.58891e-05,59.193386,3
98,100,-3.0,1.86375e-06,66.832059,3
99,100,-3.0,4.60403e-05,68.214727,3
0,100,-4.0,6.26053e-06,60.983608999999994,3
1,100,-4.0,8.42311e-05,77.524069,3
2,100,-4.0,2.15067e-06,71.413397,3
3,100,-4.0,1.98455e-05,61.429387999999996,3
4,100,-4.0,3.44506e-06,57.041827999999995,3
5,100,-4.0,9.46982e-05,56.259606,3
6,100,-4.0,1.07775e-05,55.136938,3
7,100,-4.0,1.28919e-05,133.78767399999998,3
8,100,-4.0,5.99919e-06,51.680935,3
9,100,-4.0,1.00464e-11,58.341829999999995,4
10,100,-4.0,1.55283e-05,61.170721,3
11,100,-4.0,4.17606e-05,62.515611,3
12,100,-4.0,2.97694e-06,64.00628,3
13,100,-4.0,5.58148e-12,72.915176,4
14,100,-4.0,1.82473e-11,73.794288,4
15,100,-4.0,1.29586e-05,61.888943999999995,3
16,100,-4.0,4.39011e-06,72.389398,3
17,100,-4.0,7.7917e-06,60.334720999999995,3
18,100,-4.0,6.30725e-06,56.356494,3
19,100,-4.0,1.31368e-05,69.033394,3
20,100,-4.0,6.74641e-12,60.124497999999996,4
21,100,-4.0,5.56567e-05,66.830726,3
22,100,-4.0,1.86155e-10,63.04139,4
23,100,-4.0,8.13937e-05,53.247602,3
24,100,-4.0,2.36394e-06,56.000938999999995,3
25,100,-4.0,2.25528e-06,57.717385,3
26,100,-4.0,2.65303e-05,48.145821,3
27,100,-4.0,6.69084e-06,70.04584,3
28,100,-4.0,4.70676e-06,67.305838,3
29,100,-4.0,3.4294e-06,67.748505,3
30,100,-4.0,6.23233e-06,91.284081,3
31,100,-4.0,3.07192e-05,89.938746,3
32,100,-4.0,2.30918e-05,61.237832999999995,3
33,100,-4.0,2.51132e-05,55.285827,3
34,100,-4.0,5.18583e-06,47.38982,3
35,100,-4.0,2.11809e-05,93.285417,3
36,100,-4.0,6.53814e-06,68.867173,3
37,100,-4.0,2.29514e-05,65.690725,3
38,100,-4.0,3.16704e-06,53.457381,3
39,100,-4.0,2.68536e-06,67.380949,3
40,100,-4.0,5.45259e-06,55.138715999999995,3
41,100,-4.0,6.98774e-06,61.326721,3
42,100,-4.0,1.75491e-05,71.481397,3
43,100,-4.0,7.98581e-06,59.558719999999994,3
44,100,-4.0,1.13835e-05,62.799611,3
45,100,-4.0,2.50172e-05,69.863618,3
46,100,-4.0,1.21327e-05,65.68450299999999,3
47,100,-4.0,2.44818e-06,55.20316,3
48,100,-4.0,2.78136e-06,58.051607,3
49,100,-4.0,7.43023e-05,59.426275,3
50,100,-4.0,2.8152e-05,105.96542699999999,3
51,100,-4.0,2.958e-05,53.613825999999996,3
52,100,-4.0,1.08525e-06,48.876487999999995,3
53,100,-4.0,9.87863e-12,56.612494999999996,4
54,100,-4.0,4.44552e-06,53.711158999999995,3
55,100,-4.0,1.13126e-05,59.244941999999995,3
56,100,-4.0,4.08802e-06,68.250728,3
57,100,-4.0,2.37689e-05,55.672937999999995,3
58,100,-4.0,1.40019e-05,57.388495999999996,3
59,100,-4.0,1.0789e-11,64.316057,4
60,100,-4.0,1.91534e-06,57.422273,3
61,100,-4.0,4.64905e-06,57.585829,3
62,100,-4.0,2.1127e-11,56.638273,4
63,100,-4.0,1.26519e-11,79.18451499999999,4
64,100,-4.0,1.81917e-12,113.14321199999999,4
65,100,-4.0,2.0811e-05,50.052045,3
66,100,-4.0,2.48256e-06,52.448491,3
67,100,-4.0,1.77133e-05,57.823606999999996,3
68,100,-4.0,4.80185e-06,60.254276,3
69,100,-4.0,9.90785e-06,68.706283,3
70,100,-4.0,6.47954e-11,68.622283,4
71,100,-4.0,1.4391e-05,76.080956,3
72,100,-4.0,2.6068e-05,70.71517399999999,3
73,100,-4.0,8.58689e-07,56.896049999999995,3
74,100,-4.0,1.28294e-05,60.202276,3
75,100,-4.0,1.28212e-11,66.236503,4
76,100,-4.0,3.92316e-11,65.213392,4
77,100,-4.0,7.19516e-06,110.64854299999999,3
78,100,-4.0,5.4564e-05,92.742305,3
79,100,-4.0,1.86898e-05,56.235605,3
80,100,-4.0,5.99501e-11,52.087157,4
81,100,-4.0,1.17581e-05,63.208056,3
82,100,-4.0,2.25976e-06,70.700507,3
83,100,-4.0,4.34193e-05,58.773385999999995,3
84,100,-4.0,8.98924e-05,73.899621,3
85,100,-4.0,1.51731e-11,79.947626,4
86,100,-4.0,2.0248e-06,180.46638199999998,3
87,100,-4.0,5.93222e-12,79.536959,4
88,100,-4.0,1.11062e-05,96.54453,3
89,100,-4.0,2.73806e-06,61.993387999999996,3
90,100,-4.0,8.553e-05,66.170281,3
91,100,-4.0,2.84542e-06,53.025380999999996,3
92,100,-4.0,3.2893e-06,49.977821999999996,3
93,100,-4.0,7.49972e-06,56.117827999999996,3
94,100,-4.0,1.90426e-05,56.411161,3
95,100,-4.0,1.44261e-05,59.651607999999996,3
96,100,-4.0,1.49311e-05,55.248937999999995,3
97,100,-4.0,2.07609e-05,53.776047999999996,3
98,100,-4.0,1.32725e-05,99.31297699999999,3
99,100,-4.0,5.32904e-06,60.965388,3
0,100,-5.0,8.35405e-06,54.504937,3
1,100,-5.0,1.86927e-12,57.646718,4
2,100,-5.0,3.49557e-06,64.583613,3
3,100,-5.0,1.95531e-13,89.603635,4
4,100,-5.0,3.49382e-13,75.288067,4
5,100,-5.0,1.20274e-06,78.443181,3
6,100,-5.0,2.18716e-12,75.038733,4
7,100,-5.0,2.7113e-13,69.600062,4
8,100,-5.0,3.02604e-12,99.85964399999999,4
9,100,-5.0,5.26201e-06,58.097829999999995,3
10,100,-5.0,2.66978e-12,59.475609,4
11,100,-5.0,1.31824e-13,68.158727,4
12,100,-5.0,1.32242e-12,59.464498,4
13,100,-5.0,2.58372e-13,65.748503,4
14,100,-5.0,1.19325e-12,60.832943,4
15,100,-5.0,9.66857e-06,71.534286,3
16,100,-5.0,8.30264e-06,70.248507,3
17,100,-5.0,6.62073e-13,72.39295299999999,4
18,100,-5.0,2.76976e-06,65.40494699999999,3
19,100,-5.0,1.3189e-06,62.169833,3
20,100,-5.0,9.94011e-06,74.062288,3
21,100,-5.0,3.80157e-06,71.70850899999999,3
22,100,-5.0,2.95878e-13,67.015615,4
23,100,-5.0,4.90729e-06,62.790278,3
24,100,-5.0,2.92201e-12,71.528508,4
25,100,-5.0,6.01552e-06,59.474275,3
26,100,-5.0,1.22057e-13,64.796502,4
27,100,-5.0,3.54506e-13,59.137386,4
28,100,-5.0,2.37245e-13,58.002274,4
29,100,-5.0,3.02254e-11,56.822717,4
30,100,-5.0,2.42041e-06,56.410273,3
31,100,-5.0,2.62154e-06,60.335164,3
32,100,-5.0,2.68773e-06,73.589399,3
33,100,-5.0,9.54523e-06,65.933392,3
34,100,-5.0,2.4636e-13,57.314273,4
35,100,-5.0,6.55436e-12,90.52408,4
36,100,-5.0,2.14601e-13,75.61429,4
37,100,-5.0,7.16645e-06,70.464063,3
38,100,-5.0,3.5354e-06,78.354736,3
39,100,-5.0,1.4145e-12,72.176064,4
40,100,-5.0,8.41193e-13,83.09873999999999,4
41,100,-5.0,3.57271e-13,148.476132,4
42,100,-5.0,1.83666e-06,114.60765699999999,3
43,100,-5.0,1.55834e-06,50.793822999999996,3
44,100,-5.0,1.53968e-06,58.203607,3
45,100,-5.0,4.33305e-06,48.619597999999996,3
46,100,-5.0,2.78818e-12,53.652936999999994,4
47,100,-5.0,1.72594e-12,63.82939,4
48,100,-5.0,7.76355e-12,59.148053,4
49,100,-5.0,9.31477e-06,56.047160999999996,3
50,100,-5.0,2.20125e-12,75.860067,4
51,100,-5.0,5.24283e-12,86.370299,4
52,100,-5.0,8.78055e-06,63.362722999999995,3
53,100,-5.0,2.6133e-13,51.208045,4
54,100,-5.0,6.24675e-06,61.848054999999995,3
55,100,-5.0,4.98465e-13,60.682277,4
56,100,-5.0,9.72784e-12,54.056492,4
57,100,-5.0,4.86405e-06,57.086273,3
58,100,-5.0,1.87688e-06,49.215154999999996,3
59,100,-5.0,3.57559e-06,49.830711,3
60,100,-5.0,2.53051e-06,61.334277,3
61,100,-5.0,2.49141e-12,164.861924,4
62,100,-5.0,5.6151e-06,100.993867,3
63,100,-5.0,1.62966e-12,52.316935,4
64,100,-5.0,1.5373e-11,58.169829,4
65,100,-5.0,3.09398e-06,53.284935999999995,3
66,100,-5.0,2.291e-12,66.202726,4
67,100,-5.0,5.26646e-06,50.815601,3
68,100,-5.0,7.92662e-13,50.190712,4
69,100,-5.0,6.52355e-06,56.685384,3
70,100,-5.0,4.22887e-12,62.732056,4
71,100,-5.0,8.88014e-06,81.41874,3
72,100,-5.0,4.22461e-06,58.253828999999996,3
73,100,-5.0,2.79612e-11,57.016495,4
74,100,-5.0,1.03627e-11,60.849387,4
75,100,-5.0,2.62374e-12,47.795154,4
76,100,-5.0,6.35347e-06,43.623594,3
77,100,-5.0,7.60897e-06,61.208498999999996,3
78,100,-5.0,3.76791e-06,76.828513,3
79,100,-5.0,2.79485e-06,40.940481,3
80,100,-5.0,2.87617e-13,49.022265999999995,4
81,100,-5.0,6.35931e-06,54.821825999999994,3
82,100,-5.0,2.51872e-12,59.708498,4
83,100,-5.0,8.43035e-06,64.71516799999999,3
84,100,-5.0,5.24972e-12,63.875167999999995,4
85,100,-5.0,3.77655e-11,46.111596999999996,4
86,100,-5.0,4.60031e-06,55.862272,3
87,100,-5.0,3.95122e-06,50.0156,3
88,100,-5.0,1.19498e-06,61.213387999999995,3
89,100,-5.0,1.42097e-06,45.208929,3
90,100,-5.0,5.51862e-06,42.244482,3
91,100,-5.0,2.5841e-13,55.760937999999996,4
92,100,-5.0,3.09655e-06,45.839597,3
93,100,-5.0,3.91973e-06,50.540934,3
94,100,-5.0,2.35932e-12,44.997817,4
95,100,-5.0,3.55484e-06,58.552496999999995,3
96,100,-5.0,7.17443e-06,54.550715,3
97,100,-5.0,2.79798e-12,52.401379999999996,4
98,100,-5.0,3.4395e-06,46.089819,3
99,100,-5.0,1.05295e-12,52.176047,4
