0,8.22107e-08,0.5284449999999999,3
1,2.61187e-09,0.43511099999999997,3
2,1.2273e-08,0.403111,3
3,1.64027e-07,0.410222,3
4,5.09355e-08,0.532,3
5,1.17219e-09,0.301334,3
6,1.79934e-08,0.42177899999999996,3
7,1.82302e-09,0.37288899999999997,3
8,1.33664e-08,0.454223,3
9,5.21156e-09,0.468889,3
10,1.49641e-08,0.410667,3
11,2.90883e-07,0.41289,3
12,2.20391e-08,0.37288899999999997,3
13,5.981e-08,0.359556,3
14,5.91139e-09,0.44488999999999995,3
15,1.45602e-07,0.5,3
16,8.2705e-08,0.629778,3
17,1.01738e-07,0.442223,3
18,1.52514e-08,0.517334,3
19,7.30614e-07,0.50089,3
20,1.85643e-06,0.52089,3
21,4.88767e-08,0.584,3
22,1.81194e-08,0.407111,3
23,1.90931e-07,0.37022299999999997,3
24,2.38118e-07,0.40177799999999997,3
25,5.88681e-09,0.183112,3
26,1.35269e-08,0.181333,3
27,7.94054e-09,0.30044499999999996,3
28,2.27041e-07,0.414667,3
29,4.18628e-10,0.351111,3
30,4.57626e-08,0.362222,3
31,7.89295e-09,0.42044499999999996,3
32,2.39e-07,0.431112,3
33,1.2656e-08,0.506222,3
34,5.50597e-09,0.394667,3
35,5.16252e-09,0.39777799999999996,3
36,2.98382e-09,0.33377799999999996,3
37,7.80944e-09,0.36844499999999997,3
38,3.54426e-07,0.40177799999999997,3
39,1.18386e-08,0.42,3
40,3.40219e-09,0.292,3
41,3.09919e-09,0.317334,3
42,1.72407e-08,0.564,3
43,1.03128e-08,0.6017779999999999,3
44,2.17423e-08,0.290222,3
45,2.88719e-07,0.6137779999999999,3
46,3.04812e-08,0.40177799999999997,3
47,3.93574e-08,0.44977799999999996,3
48,3.62878e-09,0.392889,3
49,2.23595e-08,0.440445,3
50,7.14092e-09,0.406667,3
51,1.46882e-08,0.408445,3
52,2.22223e-08,0.444889,3
53,3.00932e-07,0.54889,3
54,1.50803e-08,0.6013339999999999,3
55,1.16468e-07,0.320889,3
56,6.10703e-06,0.41688899999999995,3
57,1.03196e-07,0.414667,3
58,2.18055e-07,0.27955599999999997,3
59,6.07473e-09,0.37289,3
60,1.51246e-08,0.37066699999999997,3
61,4.79703e-08,0.994667,3
62,6.11562e-09,0.518222,3
63,1.0477e-06,0.588445,3
64,1.10591e-07,0.399111,3
65,2.62732e-09,0.398667,3
66,8.3824e-09,0.387111,3
67,1.07558e-08,0.5204449999999999,3
68,1.18605e-08,0.495556,3
69,1.95605e-09,0.5244449999999999,3
70,4.88982e-09,0.445778,3
71,1.22113e-08,0.420444,3
72,3.37051e-07,0.513778,3
73,1.15266e-06,0.363556,3
74,2.72956e-07,0.537779,3
75,4.95222e-09,0.276889,3
76,1.961e-08,0.5662229999999999,3
77,1.67846e-08,0.614223,3
78,2.6667e-09,0.37111099999999997,3
79,1.37766e-08,0.436,3
80,9.60008e-09,0.46355599999999997,3
81,3.34647e-09,0.329333,3
82,2.48728e-07,0.40577799999999997,3
83,1.40776e-07,0.364444,3
84,1.1837e-08,0.453779,3
85,1.13362e-08,0.371112,3
86,4.97371e-08,0.394223,3
87,1.91588e-08,0.38755599999999996,3
88,9.78374e-09,0.36711099999999997,3
89,1.66927e-08,0.36311099999999996,3
90,1.75603e-07,0.376001,3
91,3.02118e-06,0.387111,3
92,1.25544e-08,0.39111199999999996,3
93,2.03471e-08,0.35289,3
94,1.01668e-08,0.384,3
95,1.56726e-07,0.389333,3
96,1.68174e-08,0.49200099999999997,3
97,1.4459e-07,0.588001,3
98,5.199e-08,0.43200099999999997,3
99,1.60722e-07,0.574222,3
0,1.78306e-08,0.423556,3
1,1.29364e-06,0.400445,3
2,1.73775e-07,0.433778,3
3,1.98341e-08,0.407556,3
4,5.55811e-09,0.438667,3
5,1.55787e-08,0.356,3
6,2.67342e-09,0.43511099999999997,3
7,9.50352e-09,0.396001,3
8,6.6379e-09,0.393779,3
9,6.31036e-09,0.376001,3
10,2.2458e-08,0.30133299999999996,3
11,2.49877e-08,0.622667,3
12,1.40158e-08,0.295111,3
13,1.07201e-08,0.404889,3
14,2.58934e-08,0.518223,3
15,1.64893e-08,0.32933399999999996,3
16,2.48602e-08,0.305778,3
17,1.05294e-07,0.380889,3
18,1.41816e-07,0.39555599999999996,3
19,2.7414e-08,0.471112,3
20,8.89007e-09,0.38489,3
21,1.16767e-08,0.321334,3
22,1.12109e-08,0.316445,3
23,8.56062e-09,0.309778,3
24,8.69738e-08,0.352445,3
25,4.5905e-08,0.263556,3
26,4.92404e-08,0.576889,3
27,1.11119e-08,0.657334,3
28,4.19178e-08,0.764,3
29,5.89941e-08,0.584889,3
30,1.23856e-08,0.794223,3
31,5.92473e-06,0.795557,3
32,2.84575e-08,0.843557,3
33,6.79284e-08,0.550223,3
34,8.2413e-08,0.43022299999999997,3
35,6.61434e-09,0.406667,3
36,1.91427e-08,0.429778,3
37,2.7837e-09,0.425334,3
38,3.08786e-07,0.396001,3
39,2.43714e-08,0.350667,3
40,6.80539e-09,0.292444,3
41,3.71536e-08,0.443556,3
42,4.85771e-10,0.42044499999999996,3
43,3.59101e-09,0.42266699999999996,3
44,3.46724e-08,0.36622299999999997,3
45,8.02921e-09,0.40044399999999997,3
46,1.24212e-08,0.262667,3
47,1.53837e-07,0.348889,3
48,1.37048e-08,0.316889,3
49,1.18469e-08,0.411111,3
50,7.04915e-09,0.345333,3
51,2.23468e-08,0.340001,3
52,1.26911e-07,0.284001,3
53,1.41168e-09,0.379112,3
54,8.43396e-07,0.300444,3
55,1.09713e-08,0.315555,3
56,4.63425e-08,0.350223,3
57,6.04647e-07,0.30800099999999997,3
58,4.94883e-09,0.33111199999999996,3
59,9.22948e-09,0.352445,3
60,4.88699e-09,0.377333,3
61,9.88614e-09,0.340889,3
62,4.26368e-08,0.332445,3
63,1.32897e-07,0.325333,3
64,1.654e-09,0.344445,3
65,7.79253e-08,0.35866699999999996,3
66,9.89608e-08,0.340445,3
67,3.4492e-08,0.483556,3
68,6.27504e-09,0.39822199999999996,3
69,1.066e-08,0.295111,3
70,6.3467e-09,0.556445,3
71,2.24367e-08,0.723556,3
72,1.26138e-08,0.8644449999999999,3
73,2.96854e-09,0.39022199999999996,3
74,2.93926e-09,0.384445,3
75,1.1328e-08,0.48266699999999996,3
76,7.07072e-09,0.45555599999999996,3
77,5.60288e-09,0.444445,3
78,4.37513e-08,0.408889,3
79,3.3959e-09,0.433334,3
80,1.3925e-08,0.497334,3
81,6.67727e-08,0.39377799999999996,3
82,1.84375e-08,0.412,3
83,6.17722e-09,0.381334,3
84,1.12754e-07,0.344001,3
85,1.92722e-08,0.391111,3
86,2.77455e-07,0.38089,3
87,2.74452e-08,0.437334,3
88,5.46527e-09,0.398667,3
89,3.35144e-09,0.374667,3
90,1.80359e-08,0.623556,3
91,3.74501e-06,0.336445,3
92,6.26593e-08,0.36266699999999996,3
93,4.0647e-09,0.33377799999999996,3
94,1.01294e-07,0.353334,3
95,4.87664e-09,0.377778,3
96,6.60205e-07,0.374667,3
97,2.45954e-08,0.383556,3
98,7.58935e-07,0.390223,3
99,6.45991e-09,0.388445,3
0,1.68567e-08,0.47600099999999995,3
1,2.8491e-07,0.506667,3
2,1.70245e-08,0.550667,3
3,2.83992e-08,0.406223,3
4,4.80636e-09,0.493334,3
5,9.33288e-08,0.474223,3
6,6.52829e-09,0.437778,3
7,2.29948e-08,0.585778,3
8,7.16388e-09,0.6444449999999999,3
9,5.29863e-08,0.48266699999999996,3
10,1.07724e-08,0.35911099999999996,3
11,1.6127e-08,0.41644499999999995,3
12,2.87244e-08,0.48444499999999996,3
13,6.54461e-08,0.393779,3
14,6.68249e-08,0.542223,3
15,1.32748e-09,0.734223,3
16,8.44691e-09,0.677778,3
17,3.96329e-09,0.403111,3
18,4.27574e-08,0.548889,3
19,1.37539e-08,0.485778,3
20,2.301e-08,0.34177799999999997,3
21,2.02336e-07,0.494222,3
22,1.0979e-09,0.526223,3
23,5.86878e-09,0.42489,3
24,1.02595e-08,0.579557,3
25,2.12e-08,0.376444,3
26,3.96354e-08,0.5786669999999999,3
27,4.35102e-08,0.579112,3
28,9.8684e-08,0.669334,3
29,3.30339e-08,0.400001,3
30,2.08144e-08,0.45111199999999996,3
31,1.27683e-08,0.6586679999999999,3
32,1.5871e-08,0.593334,3
33,4.47415e-08,0.429778,3
34,2.55178e-07,0.518223,3
35,3.00305e-08,0.42266699999999996,3
36,2.48026e-08,0.487112,3
37,6.62813e-09,0.557334,3
38,1.66596e-08,0.580444,3
39,8.43157e-09,0.529334,3
40,3.99996e-09,0.54089,3
41,5.15504e-09,0.554223,3
42,9.89546e-09,0.38933399999999996,3
43,4.07354e-08,0.612001,3
44,1.40446e-07,0.532,3
45,4.07744e-09,0.533779,3
46,2.26974e-07,0.534667,3
47,1.79214e-08,0.49822299999999997,3
48,1.00563e-08,0.359112,3
49,2.2033e-09,0.297778,3
50,0.000342874,0.20044499999999998,3
51,6.73149e-09,0.347112,3
52,7.94687e-07,0.272001,3
53,1.51542e-07,0.32711199999999996,3
54,1.37186e-08,0.17022199999999998,3
55,6.93294e-09,0.301334,3
56,2.09183e-08,0.355556,3
57,4.42391e-08,0.33599999999999997,3
58,9.46978e-08,0.282222,3
59,1.399e-08,0.36533299999999996,3
60,3.98235e-09,0.306222,3
61,4.3043e-08,0.330223,3
62,1.43387e-09,0.355111,3
63,1.55921e-08,0.66089,3
64,3.50136e-09,0.626667,3
65,1.92287e-08,0.519556,3
66,4.56496e-09,0.501778,3
67,9.98427e-08,0.48,3
68,7.26852e-09,0.561334,3
69,9.16721e-09,0.567112,3
70,2.12249e-08,0.522223,3
71,3.06029e-07,0.6857789999999999,3
72,1.10997e-08,0.524,3
73,3.19028e-09,0.439111,3
74,4.58762e-07,0.444445,3
75,8.47e-09,0.5284449999999999,3
76,9.86399e-09,0.530667,3
77,1.60011e-08,0.554223,3
78,2.82638e-09,0.606667,3
79,1.98183e-09,0.316445,3
80,3.86966e-06,0.38977799999999996,3
81,6.99326e-09,0.375556,3
82,2.92202e-09,0.468001,3
83,1.32985e-09,0.43289,3
84,6.04802e-09,0.368,3
85,3.06801e-09,0.45333399999999996,3
86,2.66029e-08,0.46799999999999997,3
87,6.73575e-09,0.390223,3
88,8.59117e-08,0.402223,3
89,1.0005e-08,0.42311099999999996,3
90,9.95077e-09,0.390667,3
91,1.08548e-07,0.285778,3
92,4.86675e-08,0.42088899999999996,3
93,3.051e-08,0.299556,3
94,2.23284e-08,0.43022299999999997,3
95,3.8403e-09,0.350222,3
96,7.95734e-08,0.256889,3
97,4.6575e-09,0.37066699999999997,3
98,2.95426e-09,0.371556,3
99,1.11405e-08,0.45511199999999996,3
0,1.13632e-08,0.443555,3
1,1.03039e-08,0.382223,3
2,2.66344e-08,0.39288999999999996,3
3,3.28911e-08,0.35733299999999996,3
4,1.50278e-08,0.361334,3
5,9.18474e-07,0.42488899999999996,3
6,5.61223e-09,0.344001,3
7,2.78304e-07,0.384,3
8,8.84279e-09,0.36888899999999997,3
9,4.20441e-09,0.376445,3
10,2.57685e-07,0.431112,3
11,5.25994e-09,0.38,3
12,1.50011e-08,0.622223,3
13,2.92163e-07,0.831112,3
14,2.81528e-08,0.596445,3
15,7.03849e-07,0.645779,3
16,4.36829e-09,0.27155599999999996,3
17,3.61425e-09,0.48044499999999996,3
18,1.88773e-08,0.45777799999999996,3
19,2.20418e-09,0.522223,3
20,1.63142e-07,0.465333,3
21,1.70185e-08,0.39244399999999996,3
22,1.41405e-08,0.406667,3
23,2.67092e-08,0.42666699999999996,3
24,5.35323e-09,0.45599999999999996,3
25,1.24387e-08,0.446667,3
26,2.66072e-08,0.36488899999999996,3
27,1.05472e-08,0.522223,3
28,1.4729e-08,0.513334,3
29,1.98951e-07,0.41822299999999996,3
30,1.50509e-07,0.367556,3
31,9.84424e-09,0.438667,3
32,1.16015e-07,0.45155599999999996,3
33,5.44439e-09,0.413778,3
34,7.14501e-09,0.9040009999999999,3
35,2.89637e-08,0.563112,3
36,7.06731e-09,0.629778,3
37,4.83869e-09,0.638667,3
38,2.96463e-08,0.643556,3
39,6.52156e-10,0.591556,3
40,1.606e-09,0.5751109999999999,3
41,1.97658e-08,0.678667,3
42,3.10584e-07,0.641779,3
43,1.23945e-08,0.695112,3
44,3.74651e-07,0.650223,3
45,3.74057e-09,0.542223,3
46,3.65752e-09,0.778223,3
47,9.16775e-08,0.7133339999999999,3
48,4.8757e-08,0.589334,3
49,5.9948e-09,0.33777799999999997,3
50,9.23676e-09,0.35866699999999996,3
51,1.54586e-08,0.353778,3
52,2.31734e-08,0.347112,3
53,1.81522e-08,0.386667,3
54,6.23763e-09,0.390667,3
55,6.50058e-08,0.6217779999999999,3
56,2.9094e-08,0.336889,3
57,3.59611e-08,0.579556,3
58,4.29321e-08,0.239111,3
59,3.88082e-08,0.399111,3
60,9.28273e-09,0.553778,3
61,7.3488e-09,0.49422299999999997,3
62,3.83108e-09,0.598667,3
63,3.89976e-09,0.616889,3
64,2.11913e-09,0.613779,3
65,2.45905e-08,0.595111,3
66,2.64777e-07,0.572889,3
67,6.99139e-08,0.342667,3
68,4.9049e-09,0.319112,3
69,4.79725e-08,0.5240009999999999,3
70,5.40987e-08,0.444889,3
71,7.53954e-08,0.523556,3
72,4.31818e-08,0.518223,3
73,1.49867e-07,0.42666699999999996,3
74,7.90549e-08,0.128,3
75,2.97855e-09,0.350667,3
76,2.00326e-08,0.33155599999999996,3
77,5.5035e-09,0.339111,3
78,1.4048e-08,0.376889,3
79,4.01868e-09,0.39999999999999997,3
80,1.34483e-08,0.339111,3
81,1.1437e-07,0.470667,3
82,3.76155e-09,0.692001,3
83,6.23733e-09,0.687112,3
84,2.5439e-09,0.330667,3
85,1.65021e-08,0.316889,3
86,9.36598e-09,0.348889,3
87,3.32667e-09,0.286667,3
88,2.6375e-07,0.45599999999999996,3
89,3.88978e-08,0.39688999999999997,3
90,3.37226e-08,0.44933399999999996,3
91,1.90037e-08,0.320445,3
92,1.44858e-08,0.394223,3
93,2.26343e-08,0.572001,3
94,1.43928e-07,0.36444499999999996,3
95,2.44948e-08,0.350667,3
96,1.47955e-07,0.334667,3
97,3.44168e-09,0.314222,3
98,8.24417e-08,0.662223,3
99,6.8985e-09,0.8031119999999999,3
0,7.75393e-09,0.370222,3
1,1.39046e-08,0.33733399999999997,3
2,8.83262e-09,0.35866699999999996,3
3,2.42213e-08,0.572001,3
4,1.05609e-07,0.808445,3
5,4.10282e-08,0.59289,3
6,3.39283e-09,0.6982229999999999,3
7,7.37821e-08,0.49911099999999997,3
8,3.36352e-09,0.356,3
9,4.08689e-08,0.348889,3
10,4.5287e-09,0.349334,3
11,2.21149e-08,0.350222,3
12,5.15178e-08,0.43111099999999997,3
13,1.18863e-08,0.36133299999999996,3
14,3.5471e-08,0.346667,3
15,2.60884e-08,0.635556,3
16,8.58431e-08,0.318667,3
17,3.66137e-08,0.440444,3
18,2.05532e-08,0.516,3
19,8.52953e-07,0.6,3
20,1.3163e-08,0.48044499999999996,3
21,3.4777e-09,0.36666699999999997,3
22,4.73189e-09,0.34177799999999997,3
23,6.06473e-09,0.39911199999999997,3
24,3.45116e-09,0.352889,3
25,6.12125e-09,0.355556,3
26,1.20301e-08,0.388889,3
27,8.50334e-10,0.501778,3
28,7.01451e-09,0.42889,3
29,1.33184e-08,0.35644499999999996,3
30,4.12383e-09,0.378667,3
31,2.29178e-08,0.296001,3
32,1.15123e-07,0.344889,3
33,4.76224e-09,0.351112,3
34,2.39658e-08,0.296445,3
35,3.32121e-09,0.296445,3
36,2.29022e-09,0.31022299999999997,3
37,7.16564e-09,0.344889,3
38,3.00171e-08,0.35644499999999996,3
39,2.5348e-09,0.288889,3
40,1.84538e-09,0.284889,3
41,1.26679e-07,0.354667,3
42,7.87074e-09,0.27777799999999997,3
43,3.85184e-08,0.348889,3
44,1.51453e-08,0.371112,3
45,1.25168e-09,0.271111,3
46,7.16467e-09,0.301778,3
47,3.1786e-07,0.48044499999999996,3
48,1.84708e-08,0.255112,3
49,1.2926e-07,0.611556,3
50,2.26826e-08,0.35955499999999996,3
51,1.52864e-08,0.354222,3
52,8.67108e-10,0.361334,3
53,4.44784e-07,0.425778,3
54,4.1174e-08,0.39733399999999996,3
55,2.26137e-06,0.6373329999999999,3
56,1.1957e-06,0.346222,3
57,2.54381e-08,0.867556,3
58,1.47924e-08,0.573334,3
59,1.8577e-08,0.681334,3
60,1.39488e-08,0.49200099999999997,3
61,7.95539e-09,0.6524449999999999,3
62,5.41032e-07,0.618223,3
63,2.2029e-08,0.648,3
64,3.15561e-08,0.526667,3
65,4.61793e-07,0.42400099999999996,3
66,5.45926e-09,0.436,3
67,1.90384e-08,0.471555,3
68,1.48571e-08,0.433778,3
69,3.0225e-08,0.351556,3
70,3.96878e-09,0.33599999999999997,3
71,1.48901e-08,0.36000099999999996,3
72,8.87369e-09,0.340889,3
73,5.73005e-08,0.386667,3
74,4.14493e-09,0.612889,3
75,6.63793e-09,0.596444,3
76,4.53458e-09,0.518222,3
77,1.69315e-07,0.661779,3
78,4.25045e-09,0.545334,3
79,1.36881e-07,0.5280009999999999,3
80,9.751e-08,0.614667,3
81,3.43355e-08,0.48000099999999996,3
82,3.26723e-08,0.50889,3
83,7.10419e-09,0.246222,3
84,6.77415e-09,0.638667,3
85,1.07942e-07,0.588889,3
86,3.4937e-08,0.473334,3
87,7.90352e-08,0.70489,3
88,2.42807e-08,0.464445,3
89,2.46243e-08,0.533778,3
90,1.00795e-08,0.488,3
91,2.13473e-08,0.831112,3
92,5.747e-06,0.39111199999999996,3
93,1.41419e-08,0.534222,3
94,1.11096e-08,0.558667,3
95,3.77231e-09,0.534667,3
96,1.02579e-09,0.533334,3
97,2.15858e-09,0.620445,3
98,5.62964e-09,0.852,3
99,1.15444e-08,0.542667,3
0,7.33852e-08,1.2266679999999999,3
1,3.89824e-08,0.805778,3
2,2.27251e-08,0.764446,3
3,2.34332e-08,0.8715569999999999,3
4,2.52966e-08,1.227557,3
5,9.53623e-08,0.959556,3
6,5.43412e-08,0.863556,3
7,9.84619e-06,0.9582229999999999,3
8,4.47865e-08,0.8924449999999999,3
9,1.7058e-05,0.970223,3
10,5.56492e-08,1.0288899999999999,3
11,1.09154e-08,1.036001,3
12,7.03195e-08,0.948446,3
13,1.68345e-08,1.056889,3
14,1.06215e-07,1.047112,3
15,2.81567e-08,0.979112,3
16,5.16371e-08,1.179112,3
17,2.95351e-08,1.1573339999999999,3
18,5.00215e-08,0.8377779999999999,3
19,3.19911e-07,0.7066669999999999,3
20,1.76657e-07,0.698668,3
21,3.72621e-07,0.645334,3
22,5.22313e-07,0.691556,3
23,1.77833e-07,0.800001,3
24,5.20675e-07,1.0484449999999998,3
25,9.53637e-08,1.1071119999999999,3
26,4.21698e-08,0.959556,3
27,7.67634e-08,1.174667,3
28,3.01144e-08,1.127112,3
29,6.58343e-08,0.662667,3
30,3.5252e-07,0.49911099999999997,3
31,1.3478e-08,0.6626679999999999,3
32,4.89803e-08,0.521334,3
33,1.13126e-08,0.639112,3
34,4.78487e-07,0.558667,3
35,7.32111e-08,0.667111,3
36,5.373e-08,0.553333,3
37,4.53571e-08,0.6222219999999999,3
38,6.2842e-07,0.8720009999999999,3
39,2.39914e-07,1.263113,3
40,2.14296e-07,1.310223,3
41,5.32962e-08,0.9773339999999999,3
42,2.75788e-06,1.395557,3
43,3.3202e-08,0.9853339999999999,3
44,1.14055e-08,1.379557,3
45,2.10149e-07,0.952889,3
46,9.75918e-08,1.199112,3
47,4.99353e-07,0.7137779999999999,3
48,4.37062e-07,0.839112,3
49,1.81702e-06,1.4017789999999999,3
50,1.89329e-05,1.23689,3
51,1.15701e-07,0.848,3
52,2.33651e-06,0.828001,3
53,4.56425e-07,0.844,3
54,1.36299e-06,0.7377779999999999,3
55,2.37183e-08,0.7688889999999999,3
56,1.37995e-06,0.784001,3
57,4.24163e-08,0.832445,3
58,1.12583e-07,0.721779,3
59,3.11722e-07,0.589778,3
60,6.88433e-06,0.5515559999999999,3
61,2.29475e-08,0.68889,3
62,2.34831e-07,0.619111,3
63,8.99608e-08,0.572889,3
64,1.88704e-08,0.681778,3
65,8.63751e-08,0.5395559999999999,3
66,3.09964e-08,0.642668,3
67,7.35246e-08,0.578222,3
68,2.63819e-07,0.660445,3
69,1.32397e-08,0.560445,3
70,1.32844e-07,0.759112,3
71,9.35005e-07,0.687112,3
72,7.37249e-07,0.551111,3
73,5.98651e-07,0.692445,3
74,1.92407e-07,0.570222,3
75,2.62429e-07,0.749778,3
76,3.24662e-08,0.709334,3
77,2.41549e-08,0.561778,3
78,1.35962e-07,0.677778,3
79,1.63749e-05,0.511112,3
80,1.13794e-05,0.890223,3
81,4.54886e-08,1.0133349999999999,3
82,3.12543e-08,0.455111,3
83,5.33793e-08,0.604889,3
84,4.17539e-08,0.519556,3
85,7.6844e-06,0.638667,3
86,2.24434e-05,0.497778,3
87,6.33819e-08,0.634667,3
88,2.93108e-07,0.672445,3
89,9.17829e-08,0.49600099999999997,3
90,1.44959e-07,0.657334,3
91,1.85288e-07,0.8928889999999999,3
92,1.3079e-08,0.746223,3
93,4.17966e-07,0.675111,3
94,2.6326e-07,0.724445,3
95,5.57895e-08,0.797778,3
96,1.11965e-06,0.740445,3
97,2.91154e-06,0.7297779999999999,3
98,1.53363e-07,0.674667,3
99,5.70247e-07,0.695112,3
0,3.49683e-08,0.824889,3
1,3.63794e-08,0.72,3
2,8.55688e-05,1.0711119999999998,3
3,9.6742e-07,0.750223,3
4,5.04621e-07,0.708445,3
5,5.23203e-07,0.610668,3
6,2.413e-07,0.8960009999999999,3
7,5.53964e-08,1.362668,3
8,3.79019e-08,0.735557,3
9,5.74815e-08,0.975556,3
10,9.62811e-08,1.143556,3
11,2.9828e-06,1.122223,3
12,2.01315e-07,1.278668,3
13,4.57015e-07,1.183556,3
14,2.98972e-08,1.189779,3
15,6.99461e-08,1.255557,3
16,2.70694e-08,1.150223,3
17,7.44753e-09,1.280001,3
18,2.6625e-08,1.283112,3
19,3.13724e-07,1.151556,3
20,9.90784e-08,0.8613339999999999,3
21,4.87495e-07,0.800445,3
22,3.49412e-08,0.722667,3
23,3.4735e-08,0.9151119999999999,3
24,1.54483e-06,0.688,3
25,2.14102e-08,0.782223,3
26,6.33059e-08,0.786667,3
27,1.69422e-06,0.8924449999999999,3
28,7.88905e-08,1.2795569999999998,3
29,3.64583e-06,1.24089,3
30,1.54151e-07,0.8648889999999999,3
31,1.51315e-08,0.8377779999999999,3
32,8.92431e-07,0.881779,3
33,1.87096e-07,0.773334,3
34,6.97795e-07,0.708445,3
35,3.30966e-08,0.7791119999999999,3
36,1.68209e-06,0.8306669999999999,3
37,1.54077e-07,0.9222229999999999,3
38,6.8052e-07,0.936445,3
39,7.09885e-08,0.828445,3
40,4.37465e-07,0.860001,3
41,1.94508e-07,0.847112,3
42,2.01388e-07,0.8039999999999999,3
43,1.37573e-07,1.114223,3
44,9.57212e-08,1.166223,3
45,4.51223e-07,1.029779,3
46,7.31747e-07,0.970224,3
47,2.53362e-07,1.097779,3
48,8.191e-07,0.689334,3
49,3.01499e-08,0.68089,3
50,7.66341e-07,0.7871119999999999,3
51,1.70272e-08,0.8688899999999999,3
52,2.117e-07,1.128001,3
53,1.37262e-07,0.722223,3
54,2.00685e-07,0.689778,3
55,1.27683e-07,0.827556,3
56,2.01299e-08,0.8351109999999999,3
57,6.40411e-08,1.0604449999999999,3
58,2.04359e-08,0.757778,3
59,5.88184e-08,0.620001,3
60,3.86675e-08,0.66089,3
61,1.96687e-07,0.5293329999999999,3
62,2.36382e-08,0.708001,3
63,8.03017e-08,1.07689,3
64,7.06515e-07,0.5511119999999999,3
65,9.2277e-08,1.2915569999999998,3
66,6.45544e-07,1.330667,3
67,6.59293e-08,1.227113,3
68,8.20143e-07,1.142668,3
69,1.53286e-08,1.099556,3
70,8.34736e-08,0.591112,3
71,1.12042e-08,0.7644449999999999,3
72,5.83706e-08,0.656445,3
73,3.63584e-08,0.692446,3
74,4.10049e-08,0.7675569999999999,3
75,2.67775e-07,0.6400009999999999,3
76,6.63612e-07,1.020001,3
77,1.99552e-07,0.974223,3
78,1.05974e-07,1.106223,3
79,1.11158e-08,0.637779,3
80,9.6637e-08,0.7879999999999999,3
81,6.59928e-08,0.7688889999999999,3
82,1.8429e-07,0.759556,3
83,1.69586e-07,0.726667,3
84,4.71565e-07,0.793334,3
85,1.45623e-07,0.611556,3
86,3.12547e-08,0.691556,3
87,4.4447e-08,0.608445,3
88,7.9499e-07,0.561334,3
89,2.3456e-05,0.7253339999999999,3
90,5.53289e-07,0.704445,3
91,3.40064e-07,0.604445,3
92,2.11654e-08,0.527111,3
93,6.86238e-08,0.738667,3
94,7.43325e-06,0.689334,3
95,5.23175e-08,0.544889,3
96,2.66913e-07,0.749778,3
97,1.85129e-08,0.866667,3
98,1.54829e-07,0.852445,3
99,2.04985e-07,0.850223,3
0,9.43341e-08,0.897334,3
1,9.42209e-07,0.839112,3
2,1.52525e-07,0.866668,3
3,4.50919e-08,0.952445,3
4,4.0767e-07,1.247557,3
5,7.04569e-08,1.106223,3
6,2.8465e-07,0.9302229999999999,3
7,1.55645e-07,0.852445,3
8,2.30144e-07,1.001334,3
9,4.82669e-08,1.0435569999999998,3
10,8.78206e-08,0.9764459999999999,3
11,2.74961e-07,0.9813339999999999,3
12,3.01895e-07,1.139112,3
13,8.55911e-08,1.5462239999999998,3
14,2.07595e-08,0.955112,3
15,5.91534e-07,0.9773339999999999,3
16,1.13413e-05,0.9893339999999999,3
17,9.40198e-08,0.6595559999999999,3
18,1.91153e-08,0.48,3
19,5.57477e-07,1.046223,3
20,1.86203e-07,0.643556,3
21,4.27242e-07,0.720445,3
22,3.75969e-08,0.6951109999999999,3
23,1.32601e-08,0.694668,3
24,6.53376e-07,0.711112,3
25,8.52717e-08,1.476446,3
26,1.75105e-07,1.256001,3
27,1.24115e-06,1.524001,4
28,3.12785e-08,0.636,3
29,5.04046e-08,0.519111,3
30,1.29044e-07,0.6480009999999999,3
31,1.66088e-06,0.6795559999999999,3
32,7.21772e-08,0.548445,3
33,4.77434e-07,0.577778,3
34,2.53626e-08,0.637778,3
35,5.04513e-07,0.52889,3
36,3.24448e-08,0.590222,3
37,1.08358e-07,0.6528889999999999,3
38,2.54318e-07,0.515556,3
39,1.17641e-07,0.619112,3
40,3.94723e-07,0.6591119999999999,3
41,2.9039e-08,0.564001,3
42,1.16954e-06,0.53289,3
43,5.65089e-08,0.673778,3
44,3.01116e-08,0.573778,3
45,2.46517e-07,0.6440009999999999,3
46,1.32321e-07,0.723112,3
47,9.79691e-07,0.8257789999999999,3
48,4.7017e-08,0.681334,3
49,2.62884e-08,0.819556,3
50,3.16703e-07,0.741779,3
51,8.31978e-07,0.673779,3
52,8.69906e-08,0.689778,3
53,5.01353e-07,0.623556,3
54,2.4044e-08,0.606668,3
55,4.88495e-08,0.69289,3
56,5.38573e-09,0.6711119999999999,3
57,1.86271e-07,0.574668,3
58,2.06282e-08,0.619111,3
59,5.15691e-08,0.909334,3
60,1.67586e-05,0.49511099999999997,3
61,1.31198e-07,0.700001,3
62,5.39038e-08,0.610223,3
63,9.30382e-08,0.616445,3
64,5.65271e-08,0.654223,3
65,2.6769e-07,0.7373339999999999,3
66,9.97701e-08,0.790223,3
67,4.13453e-08,0.803557,3
68,1.37109e-06,0.960445,3
69,1.66767e-07,0.874223,3
70,1.14371e-07,0.8875569999999999,3
71,1.45514e-07,0.964445,3
72,1.84599e-08,0.887112,3
73,3.4664e-08,1.474224,3
74,1.023e-08,0.971112,3
75,5.52923e-08,0.503111,3
76,4.69002e-07,1.2608899999999998,3
77,3.08917e-08,1.38089,3
78,5.35492e-08,0.918223,3
79,5.89146e-08,1.229334,3
80,1.6396e-08,1.276001,3
81,2.93626e-08,1.0644449999999999,3
82,2.23722e-08,1.099557,3
83,1.4459e-07,1.335556,3
84,4.38665e-08,0.7648889999999999,3
85,4.56948e-08,0.869779,3
86,1.77154e-07,0.801778,3
87,3.21592e-08,0.8680009999999999,3
88,4.5545e-08,0.8382229999999999,3
89,2.37997e-08,0.88089,3
90,5.92292e-07,0.8640009999999999,3
91,1.13467e-07,0.8764449999999999,3
92,2.16812e-07,0.9382229999999999,3
93,3.18638e-08,0.925334,3
94,5.25719e-08,0.898223,3
95,5.50867e-07,0.9462229999999999,3
96,6.44147e-07,0.887111,3
97,1.98547e-07,1.0804449999999999,3
98,3.23802e-08,1.238667,3
99,2.20027e-07,0.858668,3
0,4.22649e-08,1.619113,3
1,1.59126e-07,0.9657789999999999,3
2,1.8709e-08,1.043556,3
3,1.53431e-08,0.952889,3
4,7.61483e-08,1.0942239999999999,3
5,2.25092e-07,0.971557,3
6,2.74354e-07,0.6102219999999999,3
7,5.2179e-08,0.603111,3
8,8.00716e-08,0.703556,3
9,7.19259e-07,0.561334,3
10,2.11059e-07,0.7062229999999999,3
11,5.13004e-08,0.8755569999999999,3
12,1.73898e-08,0.8991119999999999,3
13,1.24814e-07,0.8728889999999999,3
14,2.16378e-07,1.076446,3
15,7.34704e-08,1.085334,3
16,6.18997e-07,0.7377779999999999,3
17,3.54216e-06,0.676001,3
18,5.11655e-08,0.6911109999999999,3
19,1.03193e-07,0.39911199999999997,3
20,1.61798e-06,0.629778,3
21,2.58599e-08,0.778667,3
22,3.02033e-07,1.0537779999999999,3
23,3.51445e-08,1.309334,3
24,1.80581e-08,1.0217779999999999,3
25,9.0459e-08,0.705334,3
26,1.81517e-07,0.708889,3
27,2.56647e-08,0.564889,3
28,7.00074e-07,0.680445,3
29,1.11216e-08,0.5551119999999999,3
30,8.38358e-07,0.676445,3
31,8.12401e-08,0.620001,3
32,4.61295e-08,0.649779,3
33,2.95917e-08,0.6208899999999999,3
34,7.36861e-08,0.72,3
35,1.0393e-07,0.7808889999999999,3
36,1.09359e-07,0.5826669999999999,3
37,1.43498e-06,1.004445,3
38,1.42857e-05,0.850668,3
39,3.90463e-07,0.6404449999999999,3
40,1.32463e-07,0.692445,3
41,1.03589e-07,0.577334,3
42,1.28353e-07,1.132001,3
43,3.36865e-08,0.633334,3
44,2.65011e-08,0.843557,3
45,2.81161e-08,0.736445,3
46,4.38189e-08,0.5906669999999999,3
47,2.67613e-07,0.5471119999999999,3
48,2.94444e-08,0.692,3
49,1.87537e-07,0.8022229999999999,3
50,2.44221e-07,0.6839999999999999,3
51,4.30318e-08,0.595112,3
52,1.00989e-07,1.049779,3
53,3.55634e-07,0.563556,3
54,8.09738e-08,0.726223,3
55,1.34551e-07,0.78089,3
56,1.5136e-08,0.6595559999999999,3
57,1.28122e-05,0.5088889999999999,3
58,3.93956e-08,0.7746679999999999,3
59,1.47035e-07,0.6320009999999999,3
60,4.07191e-06,0.6586679999999999,3
61,3.59054e-08,0.602223,3
62,3.01953e-07,0.503112,3
63,5.01714e-08,0.670223,3
64,3.81196e-06,0.652,3
65,1.13789e-07,0.525334,3
66,2.47285e-07,0.580445,3
67,1.80102e-07,0.573333,3
68,8.67732e-08,0.66489,3
69,2.63379e-08,0.751112,3
70,1.12712e-06,0.832,3
71,3.34886e-07,0.682222,3
72,1.81892e-06,0.645778,3
73,4.04064e-07,0.952445,3
74,2.6855e-07,0.8426669999999999,3
75,3.03998e-08,0.767112,3
76,1.96058e-07,0.68089,3
77,3.47089e-08,0.7453339999999999,3
78,2.43621e-07,1.124889,3
79,9.45896e-08,1.073334,3
80,7.3509e-08,1.334223,3
81,2.57624e-07,1.271557,3
82,5.49232e-08,1.0911119999999999,3
83,4.33654e-06,0.9226679999999999,3
84,5.80877e-08,0.814668,3
85,5.50759e-08,1.059112,3
86,3.66869e-06,1.0911119999999999,3
87,7.34546e-07,0.9617779999999999,3
88,5.83007e-08,0.771556,3
89,3.87697e-07,0.6675559999999999,3
90,8.36049e-07,0.7560009999999999,3
91,7.09988e-08,0.7555569999999999,3
92,6.59025e-08,0.80489,3
93,8.43168e-08,0.681334,3
94,4.14173e-08,0.985779,3
95,3.94837e-08,0.541778,3
96,8.51982e-08,0.8644449999999999,3
97,1.41736e-07,1.163557,3
98,8.03282e-08,1.099556,3
99,2.6502e-08,1.025334,3
0,1.18926e-07,1.1724459999999999,3
1,8.49029e-08,1.052001,3
2,4.09231e-08,0.9226669999999999,3
3,9.52065e-08,1.215112,3
4,1.25741e-07,0.920445,3
5,1.49298e-07,1.069779,3
6,8.46876e-07,1.209334,3
7,3.78582e-07,0.859112,3
8,1.79191e-06,0.784445,3
9,7.24943e-08,0.660445,3
10,1.80428e-08,0.64489,3
11,9.17543e-08,0.616445,3
12,1.94622e-08,1.012001,3
13,8.04115e-06,1.024446,3
14,2.22924e-07,0.9693339999999999,3
15,6.22757e-07,0.859557,3
16,6.61976e-07,1.049779,3
17,1.73787e-07,1.1533339999999999,3
18,1.47075e-07,0.762668,3
19,4.26519e-06,0.615111,3
20,9.59535e-08,0.569334,3
21,1.24281e-07,0.642223,3
22,3.78979e-07,0.6053339999999999,3
23,2.77962e-08,0.758223,3
24,5.76305e-07,0.731112,3
25,1.80608e-08,0.628,3
26,1.13487e-07,0.617333,3
27,1.10324e-07,0.990668,3
28,9.23953e-08,0.882667,3
29,1.4329e-07,1.136001,3
30,3.01329e-08,1.1537789999999999,3
31,6.61564e-08,1.0577779999999999,3
32,7.65483e-08,0.883556,3
33,3.82903e-07,0.6711119999999999,3
34,4.15144e-08,0.688445,3
35,6.72546e-07,0.680445,3
36,3.95934e-08,0.635112,3
37,2.87362e-06,0.7062229999999999,3
38,3.52364e-08,1.252446,3
39,3.67522e-07,0.8337789999999999,3
40,4.26109e-07,0.902667,3
41,5.66159e-07,0.750668,3
42,1.85688e-08,0.543111,3
43,3.83454e-07,1.016445,3
44,1.02455e-06,1.089334,3
45,8.37904e-07,0.6133339999999999,3
46,4.1768e-08,0.763111,3
47,3.34486e-08,0.6835559999999999,3
48,2.28979e-08,0.66089,3
49,1.1028e-07,1.059556,3
50,3.3338e-08,0.9542229999999999,3
51,3.87187e-07,0.68489,3
52,5.014e-08,0.797778,3
53,3.02426e-08,0.599111,3
54,5.51215e-07,0.6448889999999999,3
55,1.52923e-07,0.545779,3
56,2.64988e-07,0.70089,3
57,2.04335e-07,1.097334,3
58,1.0615e-07,0.584,3
59,1.05199e-07,0.537333,3
60,2.04001e-08,0.730223,3
61,5.14945e-08,1.1097789999999998,3
62,5.44679e-08,0.8377779999999999,3
63,1.74574e-07,0.693334,3
64,2.41894e-08,0.978223,3
65,3.2423e-08,0.699556,3
66,6.13263e-08,1.326668,3
67,3.76085e-07,0.583112,3
68,4.53196e-08,0.685334,3
69,8.85935e-08,0.701778,3
70,5.57769e-08,0.708445,3
71,8.74281e-07,0.712,3
72,8.71639e-07,0.6755559999999999,3
73,2.56743e-07,0.9306679999999999,3
74,1.4798e-08,0.749778,3
75,1.24077e-07,0.964889,3
76,3.39687e-08,1.0617779999999999,3
77,9.73868e-08,1.139112,3
78,4.07175e-08,1.197335,3
79,3.1058e-08,0.620445,3
80,1.19174e-06,0.733779,3
81,1.86586e-07,0.686222,3
82,3.1943e-07,0.692889,3
83,1.12132e-08,0.801334,3
84,4.16793e-08,1.020001,3
85,1.89935e-08,1.215112,3
86,5.8446e-08,1.057335,3
87,1.29651e-07,1.3311119999999999,3
88,1.48103e-07,0.7111109999999999,3
89,7.583e-08,0.650667,3
90,1.594e-07,0.7168899999999999,3
91,3.90664e-08,0.699556,3
92,6.70057e-08,0.848889,3
93,6.3793e-07,0.9071119999999999,3
94,1.17979e-07,0.702222,3
95,1.84477e-07,0.726667,3
96,1.50232e-07,0.654667,3
97,4.70438e-07,0.9226669999999999,3
98,2.0731e-08,1.064001,3
99,8.73634e-08,0.680001,3
0,8.79966e-07,1.714224,3
1,2.46865e-05,2.095113,3
2,5.4914e-07,2.052447,3
3,2.12301e-07,1.6933349999999998,3
4,6.8862e-07,1.992891,3
5,2.07815e-06,1.9204459999999999,3
6,3.45926e-06,2.762669,3
7,3.17137e-07,2.111557,3
8,2.49362e-07,1.8684459999999998,3
9,5.81928e-07,1.7648899999999998,3
10,1.16539e-06,2.0773349999999997,3
11,5.23656e-07,2.0004459999999997,3
12,2.2628e-06,2.199557,3
13,2.10101e-06,1.739557,3
14,1.40541e-07,1.9155579999999999,3
15,1.2524e-06,1.9613349999999998,3
16,9.5482e-07,1.6711129999999998,3
17,1.86926e-07,1.868002,3
18,1.09843e-06,1.719557,3
19,1.5604e-06,2.7315579999999997,3
20,1.52173e-05,1.7982239999999998,3
21,8.58575e-06,1.776001,3
22,4.26271e-07,1.8217789999999998,3
23,8.72389e-07,1.7875569999999998,3
24,5.19639e-05,1.7151129999999999,3
25,2.2403e-06,1.776446,3
26,3.4322e-07,1.942669,3
27,2.84856e-07,1.7288899999999998,3
28,4.43388e-07,1.748001,3
29,1.60503e-06,1.88178,3
30,7.02964e-07,1.9533349999999998,3
31,2.68343e-07,1.872002,3
32,1.59375e-06,1.8662239999999999,3
33,0.000132504,1.889335,3
34,2.02533e-06,2.340891,3
35,1.20628e-06,2.120002,3
36,1.00454e-07,2.458669,3
37,3.70487e-06,1.995113,3
38,1.93164e-06,1.733779,3
39,2.86568e-05,1.697779,3
40,1.20179e-06,2.078224,3
41,8.42291e-07,1.799113,3
42,1.7793e-05,2.1013349999999997,3
43,7.61951e-08,1.743557,3
44,4.67812e-07,3.3124469999999997,3
45,7.5985e-07,3.0186699999999997,3
46,6.5677e-06,2.6995579999999997,3
47,9.65934e-08,3.0862249999999998,3
48,4.60595e-07,2.021336,3
49,2.16275e-07,1.8880009999999998,3
50,6.00811e-07,1.7995569999999999,3
51,3.10057e-07,1.991113,3
52,5.1086e-06,2.016002,3
53,1.41188e-06,1.799113,3
54,1.18786e-06,1.886224,3
55,6.32303e-07,1.641335,3
56,6.42384e-07,1.653335,3
57,2.84355e-07,1.733779,3
58,2.50331e-07,1.492446,3
59,1.56231e-07,1.780891,3
60,1.50141e-07,2.2062239999999997,3
61,4.09899e-06,2.1253349999999998,3
62,6.03595e-07,2.224002,3
63,8.40597e-05,1.8022239999999998,3
64,8.05139e-06,1.8844459999999998,3
65,1.17365e-05,2.220891,3
66,3.49129e-07,2.232891,3
67,0.0227828,2.378224,3
68,7.54139e-07,1.8355569999999999,3
69,1.48388e-06,1.720002,3
70,1.49654e-06,2.239557,3
71,1.56514e-07,2.202668,3
72,5.23663e-07,2.034669,3
73,9.15029e-07,1.565779,3
74,2.7615e-05,1.719112,3
75,9.09333e-07,1.720446,3
76,3.21073e-06,2.0337799999999997,3
77,3.82529e-06,2.578669,3
78,4.98822e-07,2.14178,3
79,7.2042e-06,2.058668,3
80,1.11688e-07,1.8888909999999999,3
81,4.16618e-06,1.83778,3
82,2.8841e-07,1.948002,3
83,5.67499e-07,2.262669,3
84,1.76929e-05,2.453335,3
85,2.34631e-05,1.486224,3
86,1.53564e-06,1.543112,3
87,5.52334e-07,1.7293349999999998,3
88,6.46039e-07,1.477779,3
89,9.32147e-06,1.569779,3
90,1.14881e-06,1.4862229999999998,3
91,6.35537e-05,1.670669,3
92,3.18239e-06,1.991558,3
93,3.42191e-07,1.613335,3
94,1.35098e-07,1.645335,3
95,7.26976e-06,1.985779,3
96,4.10542e-06,1.929335,3
97,5.85938e-07,1.4400009999999999,3
98,4.27489e-07,1.803113,3
99,1.85735e-05,2.272891,3
0,2.86654e-07,2.132891,3
1,3.02654e-07,1.836001,3
2,5.14789e-07,1.948891,3
3,1.38418e-07,2.139113,3
4,8.58194e-08,1.8275569999999999,3
5,7.62766e-07,2.2026689999999998,3
6,2.63429e-06,2.103113,3
7,1.65e-06,2.18578,3
8,5.48968e-07,1.741334,3
9,1.35495e-07,3.25778,3
10,7.69884e-07,2.680447,3
11,5.3261e-07,1.765779,3
12,1.02228e-06,1.762224,3
13,0.000102973,1.9737799999999999,3
14,3.87207e-07,2.0497799999999997,3
15,2.12724e-07,1.6440009999999998,3
16,1.00442e-06,1.903112,3
17,1.67865e-05,1.664891,3
18,2.91363e-06,1.714224,3
19,1.98749e-07,1.9533349999999998,3
20,1.29686e-07,1.745779,3
21,2.88133e-07,2.071557,3
22,3.51063e-05,2.093779,3
23,2.40304e-07,1.830668,3
24,1.62982e-07,1.7666689999999998,3
25,4.04848e-07,1.9040009999999998,3
26,2.48058e-07,1.6484459999999999,3
27,2.15491e-06,1.39689,3
28,3.77506e-06,1.536001,3
29,2.00708e-06,1.4902229999999999,3
30,2.18616e-07,1.420002,3
31,1.80024e-06,2.0044459999999997,3
32,3.28379e-06,1.901335,3
33,1.84347e-06,1.5991119999999999,3
34,7.72859e-05,1.623113,3
35,1.65225e-05,1.878668,3
36,1.42045e-06,1.535113,3
37,3.23626e-05,1.9973349999999999,3
38,3.02336e-07,1.9351129999999999,3
39,2.21716e-06,2.543113,3
40,9.26071e-07,2.038668,3
41,6.72315e-07,1.904002,3
42,7.01409e-07,1.790668,3
43,1.80581e-06,1.772446,3
44,4.52073e-06,1.891557,3
45,1.21481e-06,1.9217799999999998,3
46,6.26333e-07,2.162225,3
47,4.07134e-06,2.175113,3
48,7.09413e-07,2.024002,3
49,5.63048e-06,1.825335,3
50,1.37757e-06,2.3271129999999998,3
51,2.44089e-07,1.9151129999999998,3
52,1.56651e-06,2.1106689999999997,3
53,2.85059e-06,2.380891,3
54,1.38935e-06,2.644447,3
55,4.65024e-05,1.797335,3
56,2.01038e-06,1.5835569999999999,3
57,1.79629e-07,2.083557,3
58,5.53194e-07,1.455557,3
59,5.52324e-07,1.64489,3
60,5.71779e-07,1.936446,3
61,2.54984e-06,1.660002,3
62,1.67922e-06,1.796446,3
63,2.72083e-06,1.867113,3
64,0.000109419,1.600002,3
65,0.000201592,1.847113,3
66,3.54414e-05,1.573779,3
67,4.08915e-06,1.5511119999999998,3
68,3.92571e-06,1.7693349999999999,3
69,1.07666e-06,1.8000019999999999,3
70,1.75357e-06,1.8502239999999999,3
71,1.43237e-06,1.7840019999999999,3
72,6.71e-07,1.812446,3
73,7.6119e-08,1.8582239999999999,3
74,6.49864e-07,1.689335,3
75,1.79925e-07,1.737779,3
76,3.72004e-07,2.0537799999999997,3
77,7.39012e-07,1.743113,3
78,4.60408e-06,1.7222229999999998,3
79,5.24364e-06,1.963557,3
80,7.95363e-07,1.900002,3
81,5.94998e-05,1.815113,3
82,6.50657e-07,1.694224,3
83,2.51313e-06,1.610223,3
84,2.53235e-06,1.810668,3
85,9.74037e-06,1.868001,3
86,7.62214e-07,1.6102239999999999,3
87,2.78992e-07,1.6911129999999999,3
88,7.34157e-07,1.823113,3
89,3.34256e-07,1.807113,3
90,6.38684e-07,1.907557,3
91,1.12983e-06,1.723557,3
92,1.04734e-06,1.896002,3
93,1.57463e-06,1.88178,3
94,1.19574e-06,1.664002,3
95,9.53252e-07,1.7862239999999998,3
96,2.81816e-07,1.926224,3
97,6.57443e-06,1.662668,3
98,4.09158e-06,1.6937799999999998,3
99,0.000107264,1.541779,3
0,3.04271e-06,1.727557,3
1,1.57472e-06,1.75378,3
2,3.7016e-07,2.18178,3
3,2.98993e-05,1.768446,3
4,5.96218e-07,1.590668,3
5,2.03646e-06,1.858669,3
6,4.37828e-07,1.856002,3
7,1.26779e-09,2.072446,4
8,1.22617e-06,1.647112,3
9,1.61769e-05,2.0653349999999997,3
10,1.25304e-06,1.9097799999999998,3
11,4.69475e-07,1.7266679999999999,3
12,2.68789e-06,1.626668,3
13,3.44236e-06,1.86578,3
14,2.51972e-07,1.5862239999999999,3
15,7.1583e-06,2.343113,3
16,1.32272e-06,2.058224,3
17,3.69169e-06,2.067113,3
18,4.82892e-07,2.095113,3
19,1.17622e-06,2.398669,3
20,1.81821e-06,2.125336,3
21,4.91392e-07,1.9426679999999998,3
22,9.31577e-07,1.899557,3
23,3.87451e-05,2.2062239999999997,3
24,1.87252e-06,2.2106689999999998,3
25,2.04203e-07,1.8964459999999999,3
26,2.70578e-07,1.9151129999999998,3
27,6.78077e-07,2.115558,3
28,5.10793e-07,2.583558,3
29,6.08944e-06,2.244891,3
30,4.7198e-07,1.67289,3
31,5.07032e-06,1.869335,3
32,2.52662e-07,1.6911129999999999,3
33,4.09827e-07,1.457334,3
34,1.15706e-06,1.704002,3
35,2.87959e-06,1.76578,3
36,6.00224e-07,1.500446,3
37,3.16134e-07,1.519113,3
38,2.59939e-06,1.8924459999999999,3
39,2.43096e-07,1.78178,3
40,5.76288e-06,1.7066679999999999,3
41,1.7715e-07,1.832001,3
42,8.41669e-07,1.644002,3
43,4.50091e-06,1.702224,3
44,1.32131e-06,2.0088909999999998,3
45,1.41068e-06,1.678224,3
46,1.14421e-06,1.68089,3
47,3.78468e-07,1.8311119999999999,3
48,7.02058e-06,1.5982239999999999,3
49,3.09556e-06,1.501779,3
50,6.74656e-05,1.804891,3
51,1.55746e-05,1.898669,3
52,0.000131318,1.771112,3
53,4.41174e-06,1.430224,3
54,2.95087e-07,2.18978,3
55,3.98994e-06,1.693779,3
56,3.45282e-07,1.6017789999999998,3
57,7.28346e-05,1.491112,3
58,3.23862e-07,1.585335,3
59,3.7747e-06,2.04489,3
60,0.000189218,2.2551129999999997,3
61,3.98828e-07,1.8115569999999999,3
62,4.87013e-06,1.77378,3
63,5.33944e-07,1.7622229999999999,3
64,4.7181e-07,2.292446,3
65,1.86162e-06,2.462225,3
66,1.33569e-06,1.6724459999999999,3
67,6.30638e-07,1.37289,3
68,1.73568e-07,1.784001,3
69,1.21145e-06,1.69689,3
70,6.12755e-06,1.706224,3
71,1.44817e-06,1.9280009999999999,3
72,3.36881e-05,1.85689,3
73,5.67285e-07,1.6973349999999998,3
74,4.3655e-05,1.941779,3
75,5.79174e-07,1.973779,3
76,5.33812e-07,2.102224,3
77,5.04379e-07,1.796891,3
78,4.68868e-07,1.7106679999999999,3
79,1.83465e-06,1.891557,3
80,4.85642e-07,1.9844469999999998,3
81,6.40903e-07,1.7226679999999999,3
82,7.86493e-06,1.7880019999999999,3
83,6.39559e-07,1.6248909999999999,3
84,4.91709e-07,1.819113,3
85,3.35455e-06,1.6088909999999998,3
86,2.67325e-06,1.646223,3
87,6.4677e-06,1.948891,3
88,1.55212e-07,1.990224,3
89,2.91339e-05,1.842669,3
90,8.51165e-07,1.603557,3
91,6.39696e-06,2.2462239999999998,3
92,1.50904e-06,1.9351129999999999,3
93,5.44792e-07,1.696446,3
94,5.1466e-06,1.720446,3
95,2.21806e-06,1.885335,3
96,1.45152e-06,1.631557,3
97,1.08239e-05,1.646224,3
98,4.6635e-07,1.9453349999999998,3
99,1.37632e-05,2.148446,3
0,3.83182e-07,1.3342239999999999,3
1,3.94168e-07,1.31289,3
2,2.6786e-06,1.324446,3
3,4.88176e-07,1.9853349999999998,3
4,4.79646e-07,1.7177799999999999,3
5,3.82038e-07,1.660891,3
6,4.50985e-07,1.751112,3
7,1.40381e-06,2.034224,3
8,1.74663e-06,1.854668,3
9,1.52324e-06,1.928002,3
10,1.46117e-07,1.9195579999999999,3
11,6.98155e-07,2.176446,3
12,2.73053e-07,2.943558,3
13,4.3586e-07,2.283557,3
14,9.3574e-08,2.099558,3
15,7.64951e-06,1.954669,3
16,1.41431e-06,1.876002,3
17,4.65012e-06,1.834223,3
18,1.12902e-05,2.049779,3
19,1.04327e-06,2.1822239999999997,3
20,4.59695e-06,2.4368909999999997,3
21,3.56855e-07,2.055558,3
22,1.79834e-08,2.397335,4
23,2.55675e-07,1.9524469999999998,3
24,3.4253e-06,1.921336,3
25,1.75098e-07,2.162668,3
26,2.07299e-07,2.7951129999999997,3
27,1.13755e-06,2.3915569999999997,3
28,6.38924e-07,1.657335,3
29,1.00034e-05,1.4031129999999998,3
30,4.8229e-06,1.6097789999999998,3
31,1.33848e-06,2.036447,3
32,5.02263e-06,2.236447,3
33,7.85504e-06,2.027557,3
34,8.80456e-07,1.856002,3
35,1.34744e-06,1.656002,3
36,3.94571e-06,1.9324459999999999,3
37,8.74274e-07,2.041335,3
38,2.1938e-07,1.695557,3
39,3.84537e-07,1.83289,3
40,2.17666e-06,2.033335,3
41,3.36692e-06,1.6391129999999998,3
42,7.76609e-07,1.962669,3
43,1.1389e-06,1.867557,3
44,3.58491e-06,1.446223,3
45,6.83497e-08,1.801335,3
46,4.59509e-07,1.7955569999999998,3
47,9.05369e-07,1.613335,3
48,2.55426e-06,1.808446,3
49,5.96463e-07,1.7293349999999998,3
50,2.42051e-07,1.620001,3
51,1.98801e-07,1.786223,3
52,5.87485e-06,1.720891,3
53,4.17467e-06,1.696002,3
54,4.51617e-07,1.964446,3
55,8.76387e-08,1.89689,3
56,6.09608e-06,2.043112,3
57,4.28438e-06,1.921335,3
58,1.71813e-05,1.9640019999999998,3
59,1.30551e-05,1.991113,3
60,1.98222e-06,1.9008909999999999,3
61,3.04964e-07,1.4773349999999998,3
62,2.61055e-05,1.9004459999999999,3
63,1.80068e-07,2.021335,3
64,5.13184e-06,1.46089,3
65,9.53955e-07,1.445334,3
66,1.2393e-06,2.054224,3
67,4.8784e-07,2.033335,3
68,2.171e-07,1.7675569999999998,3
69,4.03732e-06,1.689335,3
70,8.66717e-07,1.6351129999999998,3
71,1.20453e-07,1.859113,3
72,2.62529e-05,1.776891,3
73,2.08761e-07,1.616002,3
74,9.53578e-07,1.8168909999999998,3
75,1.0395e-05,1.856002,3
76,2.6082e-07,1.590668,3
77,2.41418e-07,1.728446,3
78,9.78064e-07,1.747112,3
79,2.40019e-07,1.600446,3
80,2.27545e-08,1.910669,4
81,2.33975e-06,1.797335,3
82,4.16796e-07,1.554223,3
83,1.61432e-05,1.780446,3
84,2.08965e-07,2.01289,3
85,2.83957e-07,1.769779,3
86,1.71088e-06,1.7133349999999998,3
87,1.40803e-07,1.8462239999999999,3
88,8.05594e-07,1.7920019999999999,3
89,1.22258e-05,1.718224,3
90,7.80476e-07,2.102668,3
91,5.86779e-07,1.904891,3
92,1.32235e-06,1.652002,3
93,9.28019e-07,1.9888899999999998,3
94,6.97241e-10,2.322669,4
95,1.63495e-05,2.175113,3
96,4.67392e-07,1.910224,3
97,1.83324e-06,2.048891,3
98,6.97229e-07,2.250224,3
99,7.54045e-07,2.0737799999999997,3
0,1.97668e-07,2.003557,3
1,3.06135e-06,2.196002,3
2,5.89594e-07,1.829335,3
3,1.29889e-07,2.014668,3
4,1.03575e-06,1.7706689999999998,3
5,1.33191e-12,2.189335,4
6,1.05541e-06,1.653335,3
7,8.97966e-07,2.023557,3
8,4.32186e-07,1.84889,3
9,1.25225e-06,2.7755579999999997,3
10,7.4809e-07,1.7573349999999999,3
11,2.18984e-06,1.6937799999999998,3
12,2.11733e-11,2.515113,4
13,5.62928e-06,1.667557,3
14,3.31379e-12,2.3044469999999997,4
15,1.99319e-06,1.988891,3
16,3.15077e-06,1.8315569999999999,3
17,2.687e-07,1.776446,3
18,3.77823e-07,1.987557,3
19,1.1954e-07,1.948446,3
20,6.25403e-07,2.276891,3
21,2.99547e-11,2.624447,4
22,4.66964e-07,1.9044459999999999,3
23,1.15798e-06,1.9284459999999999,3
24,3.60415e-07,1.6791129999999999,3
25,2.3436e-06,2.7191129999999997,3
26,4.97223e-07,2.0048909999999998,3
27,1.34511e-06,1.434224,3
28,3.65805e-07,2.598224,3
29,1.75296e-06,1.556446,3
30,2.83275e-07,1.724446,3
31,1.35456e-06,1.32889,3
32,8.17478e-06,1.88178,3
33,2.07206e-06,1.9400009999999999,3
34,1.38895e-06,1.7586689999999998,3
35,9.53936e-07,1.908891,3
36,1.54358e-06,1.973779,3
37,5.77627e-07,1.5128899999999998,3
38,1.8005e-07,1.6497789999999999,3
39,6.47385e-07,1.786668,3
40,4.49743e-06,1.7822239999999998,3
41,5.92988e-07,1.79378,3
42,1.53658e-12,2.217335,4
43,7.50055e-11,2.064891,4
44,6.61916e-12,2.3546679999999998,4
45,4.15949e-07,1.967113,3
46,7.10133e-07,1.81778,3
47,1.68029e-06,1.849335,3
48,2.78075e-07,1.8497789999999998,3
49,3.86315e-12,2.013335,4
50,9.73189e-07,1.506668,3
51,5.52025e-07,2.127113,3
52,1.94649e-07,2.029335,3
53,2.89785e-07,1.647557,3
54,5.1159e-06,1.610668,3
55,1.54605e-06,2.035113,3
56,5.73999e-07,1.910224,3
57,9.52944e-13,1.9017789999999999,4
58,3.10068e-06,2.5831139999999997,3
59,3.9422e-07,1.853335,3
60,8.97353e-13,3.491114,4
61,1.01496e-06,2.855114,3
62,1.22863e-06,1.7426679999999999,3
63,3.31247e-07,1.4613349999999998,3
64,4.10196e-07,1.504001,3
65,4.54974e-07,1.837335,3
66,2.52362e-12,2.632003,4
67,2.12796e-12,2.276891,4
68,2.07252e-06,1.5480019999999999,3
69,3.00213e-07,1.72089,3
70,9.80906e-07,1.9137799999999998,3
71,6.16967e-06,1.5213349999999999,3
72,4.27203e-06,2.03289,3
73,3.82484e-07,2.7595579999999997,3
74,3.18085e-07,2.343113,3
75,4.42526e-07,2.882224,3
76,3.42318e-07,1.853335,3
77,8.4464e-07,1.6128909999999999,3
78,3.20056e-07,2.359113,3
79,4.31512e-06,2.850225,3
80,1.06705e-06,2.657335,3
81,8.75505e-07,1.441335,3
82,7.64061e-07,2.312002,3
83,2.38623e-07,1.864002,3
84,2.2854e-07,1.8511119999999999,3
85,4.66203e-07,1.871557,3
86,5.07589e-07,1.495557,3
87,3.0215e-07,1.743112,3
88,1.33614e-06,1.9706679999999999,3
89,1.23763e-06,1.7720019999999999,3
90,5.95551e-07,1.804891,3
91,1.90405e-06,1.7346679999999999,3
92,1.28815e-06,1.709334,3
93,4.24108e-07,1.900002,3
94,2.52324e-07,1.816446,3
95,3.15195e-07,2.256447,3
96,8.38784e-06,2.319558,3
97,4.92854e-12,2.559558,4
98,3.88076e-07,2.220447,3
99,3.84285e-06,1.949779,3
0,1.3484e-06,5.813783,3
1,0.00018267,4.4853369999999995,3
2,5.37522e-06,5.641782999999999,3
3,5.24646e-06,4.8333379999999995,3
4,2.4613e-06,4.441782,3
5,2.07647e-06,4.708893,3
6,8.25942e-05,5.248893,3
7,2.51066e-05,5.284005,3
8,8.29937e-07,4.395115,3
9,1.37687e-06,7.773784999999999,3
10,1.2414e-06,5.87956,3
11,3.42454e-05,5.224893,3
12,1.4615e-06,5.0506709999999995,3
13,2.79759e-06,4.917782,3
14,4.72664e-06,4.602671,3
15,2.00309e-06,4.796893,3
16,2.95941e-05,4.416893,3
17,6.03501e-06,5.360449,3
18,5.99627e-06,5.098672,3
19,7.1838e-06,4.682671,3
20,4.04445e-06,5.000004,3
21,4.82188e-06,4.548449,3
22,1.03823e-05,5.969783,3
23,7.80345e-06,5.0257819999999995,3
24,5.25662e-05,4.708004,3
25,5.98083e-06,6.736451,3
26,0.000225035,4.4133379999999995,3
27,0.000246911,5.0013369999999995,3
28,1.0515e-05,4.725782,3
29,1.29708e-06,5.556894,3
30,2.38125e-05,4.974227,3
31,0.000346536,5.547116,3
32,7.90281e-06,4.317781,3
33,2.43058e-06,4.45956,3
34,1.32002e-05,4.191559,3
35,3.36186e-06,4.341781999999999,3
36,2.12651e-06,6.4231169999999995,3
37,1.38857e-05,4.394227,3
38,5.96544e-06,5.472893,3
39,1.70599e-05,4.474226,3
40,4.50712e-06,4.377781,3
41,1.64832e-06,4.461336999999999,3
42,1.46597e-05,5.029338,3
43,9.46307e-06,5.366226999999999,3
44,2.56951e-06,5.020893,3
45,4.46538e-06,5.120449,3
46,7.176e-06,5.10356,3
47,3.49423e-06,4.829782,3
48,2.82031e-06,4.761782,3
49,3.88537e-06,4.7031149999999995,3
50,2.67944e-05,5.065338,3
51,1.86949e-06,4.909782,3
52,1.40303e-05,4.567114999999999,3
53,1.18409e-06,4.745782,3
54,2.46941e-06,4.627116,3
55,1.65506e-06,4.682226,3
56,0.00015979,4.642226,3
57,2.64062e-06,4.262226,3
58,8.47428e-06,4.479559,3
59,1.42321e-06,4.6226709999999995,3
60,3.92181e-05,4.665337,3
61,4.72747e-06,5.418671,3
62,1.23437e-05,5.2604489999999995,3
63,3.13514e-06,4.835116,3
64,2.37578e-06,4.452004,3
65,3.39347e-05,5.051559999999999,3
66,6.28261e-06,5.572449,3
67,5.34716e-05,4.939115999999999,3
68,5.32986e-06,4.194226,3
69,1.41875e-06,4.147114999999999,3
70,4.54906e-06,3.8697809999999997,3
71,8.88448e-06,4.709338,3
72,5.34025e-06,4.761782,3
73,2.74601e-06,4.280892,3
74,3.01396e-06,6.29245,3
75,8.09868e-06,4.228003999999999,3
76,5.63907e-06,4.059559999999999,3
77,0.000108914,4.081780999999999,3
78,3.29167e-06,4.790671,3
79,1.03848e-05,4.518670999999999,3
80,9.52868e-06,4.995115,3
81,3.03629e-05,4.168893,3
82,2.6258e-06,4.260892999999999,3
83,0.00492668,4.822671,3
84,0.000114571,4.643116,3
85,2.7826e-06,4.288892,3
86,2.72117e-06,5.258671,3
87,4.51887e-06,5.779561,3
88,2.43802e-06,4.39556,3
89,2.81361e-06,4.737337,3
90,1.94322e-06,6.052448999999999,3
91,1.78035e-05,4.4528929999999995,3
92,4.51852e-05,4.880449,3
93,2.80566e-06,4.375115,3
94,1.08595e-05,5.6800049999999995,3
95,0.000779524,4.08267,3
96,1.64778e-06,4.797337,3
97,1.85012e-05,4.369781,3
98,8.02683e-06,5.7284489999999995,3
99,2.399e-05,4.447559,3
0,3.08468e-06,5.664893999999999,3
1,4.11101e-05,6.242228,3
2,4.98148e-06,4.5586709999999995,3
3,8.1594e-06,4.613337,3
4,3.45566e-06,4.365337,3
5,4.37796e-05,5.314672,3
6,0.000364956,4.813783,3
7,5.48853e-06,6.815561,3
8,4.86308e-06,4.298226,3
9,3.33571e-06,4.882671,3
10,1.42478e-05,4.234671,3
11,7.96822e-07,4.507115,3
12,2.59903e-06,6.118227999999999,3
13,0.000130205,4.261782,3
14,1.31506e-05,4.390671,3
15,1.2203e-05,6.207561,3
16,6.10193e-06,4.972004999999999,3
17,1.75478e-05,4.513782,3
18,0.000111209,4.400448,3
19,5.6387e-06,5.548894,3
20,2.08013e-05,4.248448,3
21,6.26298e-06,5.184449,3
22,3.90345e-05,4.777782,3
23,2.98634e-06,5.116893999999999,3
24,4.6631e-05,4.504004,3
25,6.59176e-05,4.647559,3
26,3.71718e-06,3.776004,3
27,3.89849e-05,4.766227,3
28,1.34962e-05,4.078225,3
29,1.80733e-06,7.4324509999999995,3
30,1.237e-05,5.602672,3
31,1.45592e-05,5.1640049999999995,3
32,1.76546e-05,5.364449,3
33,3.46526e-06,4.5426709999999995,3
34,3.78284e-06,4.253782,3
35,1.03469e-05,5.345782,3
36,0.000219258,7.544896,3
37,3.19235e-06,5.747116,3
38,9.82172e-07,4.012004,3
39,1.39387e-06,5.274672,3
40,4.5369e-06,6.338672,3
41,4.60507e-06,4.477781,3
42,0.000250425,4.261337,3
43,9.34981e-07,6.518228,3
44,3.48859e-06,5.167116,3
45,4.00288e-05,4.560893,3
46,6.05087e-05,4.682671,3
47,2.54218e-05,4.9942269999999995,3
48,2.53891e-06,5.176894,3
49,3.89854e-06,3.878225,3
50,9.81495e-06,5.173337,3
51,2.9128e-05,7.271561999999999,3
52,5.02536e-05,3.937337,3
53,2.7086e-05,4.61956,3
54,1.24241e-06,4.678669999999999,3
55,1.09149e-06,6.948894999999999,3
56,0.000785458,4.87156,3
57,3.13122e-07,4.83156,3
58,2.14086e-06,5.038227,3
59,3.5047e-06,4.109337,3
60,9.18287e-05,5.286671,3
61,1.13521e-05,4.596449,3
62,3.70664e-06,4.423115,3
63,9.86959e-07,4.364449,3
64,9.02224e-06,4.249337,3
65,1.47545e-05,4.3808929999999995,3
66,3.88722e-06,4.427115,3
67,8.17235e-07,4.728005,3
68,2.62419e-06,4.898226999999999,3
69,1.74431e-06,4.621782,3
70,1.04194e-06,6.482228,3
71,5.11841e-06,6.033783,3
72,3.14067e-05,6.500895,3
73,0.00178963,4.514226,3
74,8.73296e-06,5.260005,3
75,4.65781e-07,5.16756,3
76,1.51775e-05,4.362226,3
77,4.85825e-06,4.266226,3
78,5.46431e-06,5.308894,3
79,5.04476e-06,4.884004,3
80,0.000333378,5.671561,3
81,1.15921e-05,4.473781,3
82,3.38801e-06,4.886671,3
83,2.9822e-06,5.192894,3
84,9.52701e-06,4.7431149999999995,3
85,3.21532e-06,6.640006,3
86,6.6174e-06,5.432894,3
87,2.8537e-06,3.7804469999999997,3
88,6.0854e-05,5.427116,3
89,1.55337e-06,4.832892999999999,3
90,2.24979e-06,5.510228,3
91,0.000342285,5.616448999999999,3
92,2.15147e-06,4.516893,3
93,0.00161645,3.871114,3
94,6.49439e-05,5.039115,3
95,5.94366e-06,4.011559,3
96,5.58449e-06,5.103116,3
97,0.000138705,5.0666709999999995,3
98,1.59288e-05,4.532448,3
99,1.54197e-06,5.108448999999999,3
0,5.52541e-06,5.270671999999999,3
1,4.21749e-07,4.685338,3
2,4.50113e-06,5.028449,3
3,3.82643e-06,5.184449,3
4,7.46006e-06,5.5835609999999996,3
5,1.04253e-06,4.8648929999999995,3
6,6.11076e-06,4.937338,3
7,3.65467e-06,4.957337,3
8,5.25223e-06,5.945339,3
9,7.77871e-09,4.701782,4
10,5.90631e-05,4.860005,3
11,3.34755e-06,5.177783,3
12,3.34963e-05,4.532004,3
13,1.00181e-06,4.801337999999999,3
14,4.82774e-07,4.311559,3
15,1.66201e-05,4.2746699999999995,3
16,8.37307e-07,4.366671,3
17,1.33239e-06,5.288004,3
18,1.13092e-05,5.241783,3
19,7.96357e-06,6.065339,3
20,9.10171e-06,4.404891999999999,3
21,1.11142e-06,4.72356,3
22,1.96878e-06,4.97156,3
23,2.03317e-05,3.989337,3
24,3.95183e-07,4.901782,3
25,3.52729e-05,5.332005,3
26,2.46691e-06,5.597782,3
27,9.2353e-06,4.079115,3
28,1.33597e-05,4.7924489999999995,3
29,1.63864e-05,4.795115,3
30,8.97457e-06,4.313782,3
31,3.77644e-06,4.855116,3
32,1.17587e-06,4.885782,3
33,4.59879e-06,5.42356,3
34,2.15523e-06,5.2284489999999995,3
35,5.16065e-07,3.915114,3
36,3.08552e-06,4.936894,3
37,2.38814e-06,4.216004,3
38,6.44525e-06,4.944004,3
39,7.54363e-05,4.83156,3
40,1.51144e-06,4.465337,3
41,9.70603e-06,5.046671,3
42,2.24091e-05,4.772449,3
43,1.80269e-06,4.601337,3
44,4.47573e-05,5.650227999999999,3
45,5.00753e-05,4.890671,3
46,2.53483e-06,5.304005,3
47,1.16239e-05,4.688003999999999,3
48,5.92451e-06,4.125337,3
49,4.17793e-05,4.5102269999999995,3
50,1.1353e-05,6.009339,3
51,1.00678e-05,3.9137809999999997,3
52,1.26383e-09,4.681782,4
53,1.80474e-05,4.554671,3
54,4.37974e-06,4.819115,3
55,3.66505e-05,4.456893,3
56,8.33645e-06,4.765782,3
57,2.34797e-05,4.934226,3
58,1.90388e-06,5.695116,3
59,3.99825e-05,4.7115599999999995,3
60,1.67013e-06,4.353782,3
61,4.01213e-06,4.446226,3
62,5.0169e-05,4.442227,3
63,5.54429e-06,3.7982259999999997,3
64,1.77064e-06,4.3324489999999996,3
65,8.29775e-06,4.404004,3
66,4.62648e-06,5.504449,3
67,1.32841e-05,4.425337,3
68,6.15992e-06,4.216893,3
69,2.09131e-06,4.714671,3
70,1.45858e-06,4.278226,3
71,4.34905e-06,4.393782,3
72,1.53283e-06,5.136004,3
73,5.70045e-06,5.006672,3
74,1.10901e-05,5.07956,3
75,0.000201323,4.115114999999999,3
76,3.49087e-05,4.7840039999999995,3
77,3.4932e-06,4.0897809999999994,3
78,2.25846e-05,5.128449,3
79,6.40224e-05,3.855559,3
80,4.31465e-06,5.215116,3
81,3.72127e-05,5.083559999999999,3
82,0.000171145,5.209782,3
83,7.93764e-05,5.148448999999999,3
84,7.59999e-07,4.210226,3
85,1.02661e-05,4.616893,3
86,3.28352e-06,4.115559,3
87,3.36716e-06,4.93956,3
88,2.93273e-06,3.3568919999999998,3
89,2.98647e-05,3.916892,3
90,7.60448e-06,4.974227,3
91,1.11222e-06,4.126671,3
92,5.79041e-06,6.358671999999999,3
93,1.99591e-05,5.354672,3
94,1.33319e-05,4.392892,3
95,8.06161e-06,4.650226,3
96,2.58203e-05,4.110226,3
97,3.6016e-06,4.6302259999999995,3
98,0.000315996,4.9062269999999994,3
99,5.82576e-06,6.943118,3
0,6.77496e-06,4.4520029999999995,3
1,1.02613e-06,5.302671,3
2,1.28357e-05,4.416004,3
3,7.69222e-05,4.02267,3
4,2.28902e-06,3.757781,3
5,2.23162e-06,3.943114,3
6,1.17472e-06,4.416004,3
7,3.67237e-05,4.496893,3
8,1.85755e-06,4.820893,3
9,2.10931e-06,4.761782,3
10,5.31051e-05,4.475115,3
11,2.80263e-05,5.0257819999999995,3
12,5.52596e-06,4.862671,3
13,4.07981e-05,4.674227,3
14,2.19914e-06,4.4120029999999995,3
15,7.78748e-07,6.263116999999999,3
16,1.4401e-06,3.065336,3
17,7.80867e-06,4.29467,3
18,7.86535e-05,3.879559,3
19,1.99855e-05,4.392448,3
20,1.62166e-05,4.336004,3
21,2.57217e-06,5.175115,3
22,5.38329e-06,5.643116,3
23,5.02171e-06,5.570227,3
24,1.15639e-06,5.709783,3
25,1.13475e-06,4.408893,3
26,9.76658e-07,5.101782,3
27,2.58295e-06,4.125781,3
28,1.40806e-05,4.377782,3
29,9.93603e-06,4.588004,3
30,5.37009e-05,5.108893,3
31,3.40504e-06,4.596004,3
32,9.74638e-07,4.2835589999999995,3
33,3.7282e-06,4.51067,3
34,3.16647e-05,3.8257809999999997,3
35,4.65866e-05,4.5017819999999995,3
36,2.96138e-06,3.928448,3
37,2.10317e-05,4.680003999999999,3
38,1.04807e-06,4.457337,3
39,8.8402e-06,4.830226,3
40,6.16827e-07,5.071116,3
41,4.07049e-10,6.005338,4
42,5.38097e-06,6.610227999999999,3
43,4.97958e-10,5.742227,4
44,3.30151e-06,5.073338,3
45,8.5817e-06,5.908449999999999,3
46,4.01852e-06,5.054671,3
47,6.45305e-05,4.092892,3
48,8.1119e-06,4.745337,3
49,2.00452e-05,4.854226,3
50,4.13919e-05,5.802226999999999,3
51,2.54602e-05,5.233338,3
52,1.9851e-06,4.212448,3
53,4.2454e-06,5.908449999999999,3
54,6.94159e-05,4.064004,3
55,2.448e-10,5.370227,4
56,1.69203e-05,5.009783,3
57,5.67719e-06,4.172003999999999,3
58,3.22704e-09,5.186672,4
59,1.29697e-05,4.372892,3
60,5.3812e-05,6.34445,3
61,3.15103e-06,6.917339999999999,3
62,6.78455e-06,5.277337999999999,3
63,3.8008e-06,4.694671,3
64,2.02558e-05,4.585782,3
65,1.27022e-05,4.06667,3
66,5.26339e-06,4.02267,3
67,3.39627e-06,5.0182269999999995,3
68,2.49175e-06,4.1617809999999995,3
69,4.10983e-06,5.090227,3
70,4.71013e-06,5.571116,3
71,1.0627e-05,5.732894,3
72,1.34875e-06,4.868004,3
73,5.87611e-06,6.353784,3
74,2.02757e-05,8.112896,3
75,1.57623e-06,5.411116,3
76,2.47943e-06,4.531115,3
77,2.8696e-07,4.568449,3
78,1.77071e-06,4.756893,3
79,9.83556e-06,5.153338,3
80,1.344e-05,5.140448999999999,3
81,5.88801e-11,5.427116,4
82,2.72064e-06,4.423115,3
83,1.13935e-05,4.705337999999999,3
84,4.58888e-06,4.451559,3
85,1.35349e-06,4.898671,3
86,6.4382e-07,5.161338,3
87,2.1572e-06,5.538671,3
88,1.51052e-05,5.622228,3
89,8.05494e-06,5.5337819999999995,3
90,9.34048e-05,4.8813379999999995,3
91,1.86427e-06,6.498228,3
92,9.68767e-11,4.964893,4
93,6.56074e-05,5.206671,3
94,5.05711e-06,4.658226,3
95,1.83364e-06,3.6924479999999997,3
96,4.60864e-06,4.618671,3
97,2.08294e-10,5.629339,4
98,1.111e-06,4.472004,3
99,5.38553e-06,5.0666709999999995,3
0,9.52856e-13,5.892449,4
1,1.14956e-06,4.73956,3
2,4.61087e-06,4.884449,3
3,4.22122e-06,6.20845,3
4,1.37737e-11,6.861784,4
5,1.31142e-06,5.352449,3
6,2.66377e-12,5.487115999999999,4
7,6.42554e-06,7.8444519999999995,3
8,2.04706e-12,5.7128939999999995,4
9,3.15497e-06,4.1946699999999995,3
10,4.72364e-06,5.123561,3
11,1.25989e-12,6.021338999999999,4
12,2.8477e-06,4.635115,3
13,2.21777e-06,6.667116999999999,3
14,3.16399e-06,4.803115,3
15,6.17456e-06,4.77156,3
16,1.75352e-11,5.1235599999999994,4
17,6.66689e-11,5.695116,4
18,3.85159e-11,4.955115999999999,4
19,1.40625e-06,4.548004,3
20,1.12899e-12,4.41867,4
21,1.42077e-12,7.670674,4
22,5.55279e-06,5.2524489999999995,3
23,2.83731e-12,5.904005,4
24,7.05894e-06,4.440449,3
25,1.19131e-06,4.944449,3
26,9.38689e-12,6.176006,4
27,2.25053e-12,5.412449,4
28,2.19461e-06,5.040449,3
29,8.87773e-06,4.906226,3
30,5.76403e-06,4.684449,3
31,1.55854e-12,5.2600039999999995,4
32,2.9126e-06,5.008449,3
33,4.25021e-13,5.759117,4
34,3.05608e-06,4.475559,3
35,1.66442e-06,4.518225999999999,3
36,3.41546e-13,5.073338,4
37,1.58318e-06,4.359115,3
38,3.49043e-12,5.9293379999999996,4
39,1.57515e-12,6.4880059999999995,4
40,2.55983e-12,5.410227,4
41,2.52018e-06,5.0742259999999995,3
42,9.56045e-13,4.741337,4
43,5.83157e-12,4.964004,4
44,6.15195e-06,4.872005,3
45,6.81515e-07,4.382226,3
46,1.23323e-06,3.928003,3
47,1.74668e-11,5.924449999999999,4
48,6.97888e-06,6.194228,3
49,5.9739e-06,4.536004,3
50,3.30394e-06,5.264005,3
51,1.10745e-12,5.198672,4
52,8.67067e-07,4.302671,3
53,4.62153e-06,5.910228,3
54,1.28578e-12,6.751117,4
55,4.43148e-06,5.201338,3
56,2.72857e-12,4.998227,4
57,3.1711e-06,4.372004,3
58,9.12543e-06,5.508449,3
59,4.27068e-13,5.044449,4
60,1.89383e-06,4.873781999999999,3
61,6.42829e-06,4.361781,3
62,2.15623e-12,5.599117,4
63,2.98933e-12,4.801337999999999,4
64,2.32016e-13,5.229337999999999,4
65,6.01561e-11,5.552449,4
66,1.19732e-10,5.372449,4
67,2.74559e-06,4.226671,3
68,1.63558e-06,6.461339,3
69,1.03091e-06,5.969783,3
70,6.76981e-06,4.7431149999999995,3
71,2.28451e-11,6.6008949999999995,4
72,5.10882e-06,4.3320039999999995,3
73,1.16213e-06,4.310226,3
74,8.37941e-06,4.456004,3
75,8.36045e-06,4.761782,3
76,2.46091e-13,5.691561,4
77,4.60099e-06,7.772006999999999,3
78,1.18213e-12,6.116893999999999,4
79,1.19327e-06,7.1342289999999995,3
80,3.01991e-06,4.356447999999999,3
81,1.45417e-06,4.910226,3
82,1.20938e-06,4.560004,3
83,1.99544e-11,6.998672,4
84,4.32846e-13,8.245785,4
85,1.23043e-06,4.5017819999999995,3
86,3.85323e-06,4.129337,3
87,9.0318e-06,5.03156,3
88,8.8851e-13,5.606672,4
89,4.20061e-13,5.48445,4
90,1.06344e-12,4.8400039999999995,4
91,9.63783e-07,6.044449999999999,3
92,1.88665e-12,5.786671999999999,4
93,4.82866e-06,4.111114,3
94,1.92768e-06,4.348447999999999,3
95,1.24789e-11,4.85156,4
96,8.56493e-13,6.222227999999999,4
97,3.7835e-07,7.503562,3
98,1.17283e-06,6.217339,3
99,1.03713e-06,5.081338,3
0,0.000443208,18.926239,3
1,2.17803e-05,20.334685,3
2,5.84085e-05,17.76446,3
3,6.04065e-05,17.525793,3
4,3.58233e-05,24.165354,3
5,8.48885e-06,31.88225,3
6,0.000217854,17.480016,3
7,3.7943e-05,18.430683,3
8,1.24261e-05,17.686681999999998,3
9,5.79873e-05,17.971572,3
10,8.27095e-06,16.40357,3
11,1.37388e-05,17.842682,3
12,2.61296e-05,19.633350999999998,3
13,2.21194e-05,49.521822,3
14,4.25031e-05,16.276014,3
15,0.00403825,22.343131,3
16,8.62599e-06,22.764464999999998,3
17,0.0349545,18.071572,3
18,2.23212e-05,21.878242,3
19,4.54499e-06,19.978685,3
20,4.76826e-05,19.979129,3
21,4.49508e-05,23.284021,3
22,0.000116583,22.87202,3
23,0.000101858,20.392018,3
24,0.000503253,24.133354999999998,3
25,6.72355e-06,19.104017,3
26,0.000199435,19.799573,3
27,0.000694963,21.228019,3
28,0.000809742,24.093353999999998,3
29,2.18828e-05,17.062237,3
30,3.31126e-05,21.991574999999997,3
31,0.000336271,21.334241,3
32,1.50227e-05,17.459125999999998,3
33,0.000237639,16.175126,3
34,4.15347e-05,18.267571999999998,3
35,0.000251297,16.963570999999998,3
36,2.60762e-05,16.642236999999998,3
37,1.96114e-05,21.678686,3
38,1.99603e-05,18.314683,3
39,0.000160146,21.266240999999997,3
40,5.16204e-05,17.139571,3
41,1.13068e-05,20.974239999999998,3
42,3.35303e-05,21.326241,3
43,2.08284e-05,23.059576,3
44,9.4135e-05,24.478688,3
45,1.16571e-05,21.729352,3
46,5.88172e-05,19.619573,3
47,0.000307787,24.057799,3
48,1.59684e-05,21.636464,3
49,3.83284e-06,16.989793,3
50,0.00361662,15.869791999999999,3
51,3.14404e-05,17.583126999999998,3
52,1.73932e-05,20.628017999999997,3
53,0.000106118,21.613352,3
54,6.22913e-05,21.334685999999998,3
55,0.0144499,21.075575,3
56,9.49418e-06,18.534682999999998,3
57,0.000191227,24.107132999999997,3
58,0.000691358,16.941793,3
59,4.1544e-05,21.709353,3
60,0.00221878,20.637795999999998,3
61,0.0001013,21.952464,3
62,1.33293e-05,23.112909,3
63,2.79408e-05,16.452903,3
64,0.000163384,16.796903999999998,3
65,0.00104626,16.197792,3
66,3.60002e-05,16.415125,3
67,9.64142e-06,17.32446,3
68,4.95512e-05,15.272903,3
69,5.97623e-05,15.488012999999999,3
70,0.00039918,16.625348,3
71,7.08032e-06,17.221349,3
72,0.000184993,19.882683999999998,3
73,9.88386e-05,19.832907,3
74,2.01059e-05,20.871129999999997,3
75,2.45416e-05,15.228456999999999,3
76,0.000160325,17.674238,3
77,0.000273002,19.580907,3
78,0.000277733,32.966251,3
79,2.22064e-05,30.854694,3
80,3.89962e-05,29.101803999999998,3
81,8.516e-05,33.283141,3
82,0.00695762,34.282253,3
83,2.18755e-06,38.050256,3
84,1.21043e-05,27.47958,3
85,0.000205355,41.262259,3
86,6.94345e-05,21.635130999999998,3
87,2.68395e-05,26.663579,3
88,0.000154797,22.560019999999998,3
89,1.86441e-05,15.665346999999999,3
90,1.07648e-05,20.664908,3
91,5.4514e-06,23.609799,3
92,4.59701e-05,17.206682,3
93,1.43297e-05,21.979131,3
94,4.81946e-05,17.190237,3
95,3.32953e-05,24.863577,3
96,0.000348438,23.032465,3
97,7.57721e-06,14.308456999999999,3
98,4.36728e-05,21.547575,3
99,4.38571e-05,15.485346999999999,3
0,3.15458e-05,20.984019,3
1,8.30651e-06,18.355572,3
2,1.09248e-05,15.733791,3
3,6.70946e-05,21.534242,3
4,0.000116175,16.837348,3
5,6.50311e-05,19.076017,3
6,1.18935e-05,17.702237999999998,3
7,1.11172e-05,17.389348,3
8,9.15193e-05,16.905793,3
9,1.11755e-05,16.38357,3
10,6.28104e-06,19.475572,3
11,0.000121321,19.592017,3
12,3.19569e-05,21.98802,3
13,6.63968e-06,16.681793,3
14,6.33503e-06,22.173797,3
15,7.52828e-05,23.824465999999997,3
16,6.61358e-05,17.998682,3
17,0.000296423,19.748462,3
18,6.73613e-05,21.778686,3
19,2.28896e-05,21.405797,3
20,5.81988e-06,17.902683,3
21,0.00013682,19.093349999999997,3
22,3.57621e-05,19.909350999999997,3
23,1.09113e-05,27.794247,3
24,0.00073804,20.626685,3
25,1.75416e-05,23.597797999999997,3
26,2.21228e-05,24.424021,3
27,1.20798e-05,27.164468,3
28,3.89822e-05,19.551572,3
29,2.3758e-05,22.587576,3
30,1.86905e-05,25.404467,3
31,1.2859e-05,25.876023,3
32,0.000100322,24.382244,3
33,3.93237e-05,21.834685999999998,3
34,2.51267e-05,25.760911999999998,3
35,4.79543e-05,26.053355999999997,3
36,2.15721e-05,23.841355,3
37,4.08529e-05,20.680463,3
38,1.81619e-05,24.069799,3
39,7.2418e-06,21.532463,3
40,5.08252e-05,18.198238,3
41,2.39031e-05,24.532909999999998,3
42,1.13112e-05,21.645796999999998,3
43,4.79519e-05,20.300463,3
44,9.28793e-05,19.445795,3
45,0.000100493,18.683127,3
46,0.000158418,15.988458999999999,3
47,1.76312e-05,26.362246,3
48,4.48418e-05,24.571133,3
49,7.71729e-06,24.876023,3
50,3.41584e-05,25.631134,3
51,0.00012154,18.652461,3
52,2.46421e-05,20.190683999999997,3
53,0.00072095,22.595575999999998,3
54,2.88299e-05,21.345352,3
55,1.53529e-05,19.92224,3
56,1.38998e-05,18.946683,3
57,6.56764e-05,28.016914,3
58,0.000239752,21.108019,3
59,2.26489e-06,27.916912999999997,3
60,6.89213e-05,26.701801999999997,3
61,6.90475e-05,20.737796,3
62,0.000860318,28.234247999999997,3
63,4.35934e-05,21.280019,3
64,0.000311459,18.739573,3
65,0.000209637,17.164459,3
66,1.10819e-05,21.252907999999998,3
67,8.86067e-06,21.385351999999997,3
68,1.63798e-05,19.268462,3
69,3.01422e-05,25.116021999999997,3
70,0.000346043,24.815133,3
71,1.64444e-05,22.952464,3
72,3.68822e-05,27.704024999999998,3
73,9.82891e-06,27.142246,3
74,4.69757e-06,24.222687999999998,3
75,0.000836916,24.662689,3
76,0.000103729,21.081796999999998,3
77,5.18857e-05,21.412019,3
78,3.50604e-06,27.167136,3
79,8.01728e-05,24.6618,3
80,1.19314e-05,23.860466,3
81,0.000115873,27.108468,3
82,9.52531e-06,33.478252,3
83,0.000132492,25.788912,3
84,0.000197695,23.987576999999998,3
85,0.00036385,28.368025,3
86,1.42479e-05,24.003131999999997,3
87,0.00123914,19.31335,3
88,6.67424e-06,29.587581999999998,3
89,2.24914e-05,22.659575999999998,3
90,6.56196e-05,28.320024999999998,3
91,8.65975e-06,20.865797,3
92,6.21242e-05,23.810243999999997,3
93,9.01834e-05,20.10224,3
94,0.00279231,27.444025,3
95,6.38794e-06,27.26758,3
96,0.000703002,26.077357,3
97,0.000213002,25.391133,3
98,2.51117e-05,20.036462999999998,3
99,2.66544e-05,24.910688999999998,3
0,1.65305e-05,27.732025,3
1,0.00021986,18.902684,3
2,2.99413e-05,26.362244999999998,3
3,4.05422e-06,22.464019,3
4,6.80475e-06,29.929803999999997,3
5,1.57822e-05,20.364462,3
6,9.17712e-06,28.588914,3
7,5.22661e-05,23.823576,3
8,0.000111633,22.241353,3
9,0.000217104,24.529799999999998,3
10,0.000121435,19.315129,3
11,2.1566e-05,18.776017,3
12,0.000288593,29.720471,3
13,5.595e-05,23.709353999999998,3
14,0.000683814,26.961357,3
15,0.000153637,31.282249999999998,3
16,0.00012888,33.470696,3
17,0.000171355,29.826693,3
18,7.93708e-06,29.096915,3
19,2.00886e-05,30.858694,3
20,6.53599e-06,28.292469999999998,3
21,3.09473e-05,24.136022,3
22,1.13386e-05,23.571132,3
23,0.000602484,25.122245,3
24,4.05585e-08,23.709355,4
25,8.80247e-05,22.663576,3
26,0.000297523,26.850246,3
27,1.1938e-05,26.712913,3
28,7.32321e-05,23.019576,3
29,5.54145e-05,21.191574,3
30,0.000988702,23.850687999999998,3
31,6.92791e-06,25.020910999999998,3
32,0.00031788,29.940471,3
33,9.37001e-06,28.520025,3
34,2.92899e-05,22.325798,3
35,0.000404447,26.182689999999997,3
36,2.47442e-05,28.191136,3
37,0.000126292,24.639578,3
38,0.000113994,21.374685,3
39,2.14185e-05,29.888471,3
40,3.80939e-05,32.689807,3
41,2.1367e-05,23.145798,3
42,7.8226e-05,25.869801,3
43,2.57149e-05,26.447135,3
44,4.40894e-05,24.586689,3
45,5.68322e-06,20.940019,3
46,4.51566e-06,24.703577,3
47,0.000429489,30.324471,3
48,4.16502e-05,28.148469,3
49,1.5998e-05,23.044465,3
50,1.65741e-07,24.9458,4
51,1.66218e-05,22.175575,3
52,6.74889e-05,25.427578,3
53,2.72483e-05,19.423129,3
54,0.000786532,24.870689,3
55,0.00011682,21.514242,3
56,7.39702e-05,25.124910999999997,3
57,7.20896e-06,19.251572,3
58,0.000185339,21.360018999999998,3
59,1.66553e-05,21.29513,3
60,3.75666e-05,21.701798,3
61,1.60434e-05,22.390242,3
62,5.58097e-05,27.310246,3
63,7.88889e-06,27.550691,3
64,3.10334e-05,25.060022,3
65,4.02562e-06,20.504018,3
66,2.68357e-10,25.977356,4
67,3.59622e-05,26.253802,3
68,1.83633e-05,23.295132,3
69,2.10426e-09,25.977801,4
70,4.17447e-05,22.507130999999998,3
71,0.000998979,25.638689,3
72,9.62489e-05,29.313359,3
73,0.000174134,28.843581,3
74,3.22723e-06,27.275579999999998,3
75,5.56908e-05,20.965352,3
76,0.000567282,19.344018,3
77,7.52542e-05,26.521801,3
78,0.000339239,24.770688,3
79,0.000261466,27.492023999999997,3
80,5.64357e-05,18.701794,3
81,3.01298e-05,20.388907,3
82,6.04113e-05,31.892917999999998,3
83,3.19688e-05,19.579128,3
84,2.04717e-05,20.280907,3
85,9.19582e-06,21.851129999999998,3
86,3.00555e-05,20.206684,3
87,5.6738e-06,31.369805,3
88,0.000600438,26.660467999999998,3
89,0.000109172,19.440016999999997,3
90,1.20023e-05,25.797801,3
91,5.02045e-06,19.784017,3
92,9.5958e-06,16.942237,3
93,7.14102e-05,25.239134,3
94,1.2882e-05,24.500467,3
95,1.3037e-05,20.160906999999998,3
96,9.09613e-06,27.218691,3
97,7.38485e-05,24.510689,3
98,1.56029e-05,16.32357,3
99,3.06057e-05,19.315127999999998,3
0,5.96871e-11,18.961795,4
1,8.65857e-06,24.828910999999998,3
2,2.45149e-05,26.048023,3
3,7.68742e-11,19.491129,4
4,1.38786e-05,22.66402,3
5,1.12648e-05,26.681357,3
6,4.89679e-05,72.200064,3
7,8.17634e-06,24.189799999999998,3
8,3.36814e-05,21.008018999999997,3
9,2.22093e-05,24.482243999999998,3
10,2.11862e-05,20.463573999999998,3
11,2.62246e-05,21.660019,3
12,6.35094e-06,21.166241,3
13,2.07187e-05,21.781796999999997,3
14,1.00393e-05,24.351577,3
15,1.64699e-10,23.848466,4
16,3.79052e-05,19.491128,3
17,7.62181e-05,18.535127,3
18,6.47174e-10,31.197360999999997,4
19,6.66238e-05,18.344461,3
20,1.48756e-05,25.108911,3
21,2.18026e-09,27.067579,4
22,1.6595e-11,23.352465,4
23,3.38582e-12,18.968460999999998,4
24,3.11948e-05,17.728016,3
25,4.49948e-05,24.741355,3
26,1.50066e-11,19.297351,4
27,7.79691e-05,23.554688,3
28,2.22358e-05,22.478686,3
29,1.22489e-11,25.322245,4
30,2.25119e-05,21.192019,3
31,9.61215e-12,21.665352,4
32,3.26488e-05,23.606688,3
33,2.0034e-05,17.359571,3
34,8.13452e-06,24.808466,4
35,2.1742e-05,24.361798999999998,3
36,8.62333e-06,21.261796,3
37,1.78246e-09,22.102686,4
38,4.02511e-10,22.050241,4
39,1.50509e-10,20.459574,4
40,1.75487e-11,24.933356,4
41,1.47039e-05,26.800468,3
42,3.03777e-11,26.26669,4
43,1.20496e-05,18.168461,3
44,8.86688e-06,21.300908,3
45,4.29213e-11,22.322685999999997,4
46,7.42264e-05,24.415577,3
47,5.54631e-05,29.242248,3
48,4.2831e-05,17.516904999999998,3
49,8.48916e-11,27.318247,4
50,4.82293e-06,17.66046,3
51,2.73634e-11,23.738243999999998,4
52,1.22639e-05,21.71513,3
53,3.69839e-05,21.594686,3
54,4.83993e-05,20.388907,3
55,6.83657e-05,25.857357,3
56,1.35875e-05,20.458240999999997,3
57,6.59931e-05,19.654684,3
58,1.99602e-05,22.958243,3
59,4.17747e-11,24.366688,4
60,1.00841e-05,17.04046,3
61,4.04789e-06,23.801799,3
62,8.93103e-05,20.373796,3
63,3.75706e-10,18.752461,4
64,1.03067e-05,29.565358999999997,3
65,5.98599e-05,17.583572,3
66,1.50291e-05,18.182239,3
67,2.37707e-05,25.263578,3
68,7.5488e-05,19.03735,3
69,8.93287e-06,25.008910999999998,3
70,1.67065e-11,17.760016,4
71,1.26882e-05,26.185357,3
72,2.42658e-10,19.832463,4
73,2.80436e-05,24.782688,3
74,8.29556e-06,25.974245,3
75,9.32286e-06,20.152017999999998,3
76,8.90885e-06,17.110236999999998,3
77,1.71876e-11,25.576023,4
78,2.12728e-05,17.135569999999998,3
79,1.53211e-05,23.716020999999998,3
80,3.08555e-05,21.385353,3
81,7.00904e-06,29.898694,3
82,1.26524e-05,19.616018,3
83,3.7975e-05,17.577794,3
84,3.55999e-05,22.338241999999997,3
85,9.99174e-12,20.067574,4
86,4.56473e-06,22.518241999999997,3
87,2.93302e-05,19.170239,3
88,3.66994e-05,21.602686,3
89,7.2145e-05,23.778688,3
90,9.60082e-06,21.716464,3
91,6.6572e-06,24.218244,3
92,5.68434e-05,28.922248,3
93,2.29564e-05,18.291572,3
94,4.43462e-05,23.10802,3
95,4.93548e-06,17.581349,3
96,1.78499e-05,22.585352999999998,3
97,3.90785e-06,16.945793,3
98,1.5777e-05,18.064016,3
99,1.16668e-05,19.359128,3
0,1.39213e-12,32.517362,4
1,1.27217e-10,28.509359,4
2,3.41726e-11,24.700910999999998,4
3,8.07108e-13,19.080462,4
4,4.48297e-13,23.781354999999998,4
5,2.69415e-12,21.152019,4
6,1.28002e-11,24.670688,4
7,2.12001e-12,21.300019,4
8,6.27493e-06,25.667578,3
9,5.60245e-13,21.545351999999998,4
10,2.3004e-12,20.534685,4
11,1.47551e-12,29.014248,4
12,2.57008e-11,30.309359999999998,4
13,2.42796e-12,24.695133,4
14,1.31458e-12,28.844914,4
15,1.06416e-11,20.536908,4
16,2.36429e-12,20.131128999999998,4
17,6.37473e-12,19.245794999999998,4
18,5.48719e-10,23.837799,4
19,7.33517e-13,20.967574,4
20,3.04671e-12,19.488906999999998,4
21,4.07305e-13,27.384468,4
22,2.6742e-06,24.186244,3
23,6.36528e-13,21.899131,4
24,9.60629e-06,23.643133,3
25,3.08354e-06,18.704461,3
26,1.39695e-11,21.704908,4
27,3.83112e-13,19.859574,4
28,3.52691e-10,21.460019,4
29,8.96178e-06,18.872905,3
30,2.72676e-12,18.708016999999998,4
31,3.85098e-13,26.827135,4
32,5.0144e-12,30.787139,4
33,4.28653e-06,23.063132,3
34,4.55456e-13,28.393803,4
35,2.15227e-12,20.596906999999998,4
36,4.3192e-12,22.934687,4
37,3.87501e-12,22.902243,4
38,3.33174e-11,25.667133999999997,4
39,2.10393e-12,20.706685,4
40,6.00857e-12,26.140466999999997,4
41,4.32297e-06,17.060016,3
42,8.40626e-13,19.929795,4
43,7.08897e-06,21.320019,3
44,7.75811e-11,28.563136,4
45,7.97674e-13,23.550243,4
46,1.50804e-11,19.871128,4
47,7.73025e-06,16.494237,3
48,9.46947e-13,18.265349999999998,4
49,5.65754e-12,30.244025999999998,4
50,5.00907e-11,28.108914,4
51,7.32617e-11,20.934684999999998,4
52,1.32018e-12,25.59469,4
53,2.35927e-11,21.225796,4
54,6.61215e-13,20.496463,4
55,1.69651e-10,22.238685999999998,4
56,2.04824e-12,29.447136999999998,4
57,3.66985e-11,25.771134,4
58,5.83122e-13,22.904465,4
59,9.93211e-13,21.389796999999998,4
60,1.31973e-11,23.800020999999997,4
61,1.00472e-12,22.026685999999998,4
62,1.25459e-10,22.218242,4
63,1.64898e-12,22.464019999999998,4
64,1.87266e-12,22.572464999999998,4
65,8.20726e-13,19.968462,4
66,3.5378e-12,25.748023,4
67,1.72464e-12,19.749795,4
68,8.28418e-13,23.425798,4
69,5.25748e-12,19.948905999999997,4
70,8.12879e-09,19.488906,4
71,4.01742e-12,19.908462999999998,4
72,4.69957e-13,21.360463,4
73,9.55658e-13,27.160024999999997,4
74,7.44325e-13,21.362686,4
75,6.15263e-12,25.027578,4
76,1.53443e-10,21.800019,4
77,4.84206e-09,22.743575999999997,4
78,1.23025e-12,24.180021,4
79,3.23588e-11,20.896908,4
80,6.64081e-06,27.124024,3
81,4.89342e-12,19.091127999999998,4
82,7.84275e-06,18.378238,3
83,1.0222e-12,19.136906,4
84,1.9968e-11,18.831127,4
85,5.74859e-11,21.666242,4
86,7.84074e-13,21.509352,4
87,4.19576e-11,44.178262,4
88,6.97531e-06,20.062685,3
89,3.21759e-10,21.85202,4
90,2.52282e-11,19.732906,4
91,4.50788e-13,21.562686,4
92,7.44995e-13,25.424910999999998,4
93,3.18404e-11,20.826684999999998,4
94,4.25816e-13,21.869352,4
95,1.49381e-11,21.827575,4
96,1.09362e-12,19.559127999999998,4
97,1.18605e-11,19.486238999999998,4
98,6.01794e-06,19.469794999999998,3
99,8.72768e-12,18.464016,4
