0,5,-1.0,0.0225159,1.738224,17
1,5,-1.0,0.043388,2.168891,19
2,5,-1.0,0.0715688,2.7915579999999998,32
3,5,-1.0,0.084847,12.058677999999999,142
4,5,-1.0,0.0978758,13.51379,180
5,5,-1.0,0.0378941,1.1960009999999999,14
6,5,-1.0,0.0619474,1.569779,18
7,5,-1.0,0.0817878,7.6902289999999995,77
8,5,-1.0,0.086963,5.69156,60
9,5,-1.0,0.0966553,9.952009,89
10,5,-1.0,0.052099,1.894669,22
11,5,-1.0,0.0379275,1.680891,21
12,5,-1.0,0.0178474,1.007112,10
13,5,-1.0,0.0602326,2.5702249999999998,24
14,5,-1.0,0.0614355,1.630668,13
15,5,-1.0,0.0979471,9.764897,83
16,5,-1.0,0.031746,1.819113,16
17,5,-1.0,0.0696089,4.368449,36
18,5,-1.0,0.0753977,8.273341,72
19,5,-1.0,0.0361155,1.367557,19
20,5,-1.0,0.0488654,3.483114,26
21,5,-1.0,0.0484216,3.945337,27
22,5,-1.0,0.0628222,1.149335,14
23,5,-1.0,0.0316019,0.9848899999999999,12
24,5,-1.0,0.00819748,0.8266669999999999,11
25,5,-1.0,0.0319408,0.7751119999999999,10
26,5,-1.0,0.0685885,5.037338,63
27,5,-1.0,0.0857215,4.9622269999999995,54
28,5,-1.0,0.0480638,2.122224,27
29,5,-1.0,0.0977544,8.587118,113
30,5,-1.0,0.0989607,50.847156,539
31,5,-1.0,0.0554453,1.716446,19
32,5,-1.0,0.0683093,3.354225,40
33,5,-1.0,0.060024,2.863114,35
34,5,-1.0,0.0588519,2.017779,27
35,5,-1.0,0.0415372,1.868447,21
36,5,-1.0,0.031969,1.6573339999999999,19
37,5,-1.0,0.0833588,1.264446,16
38,5,-1.0,0.00685374,0.732445,9
39,5,-1.0,0.0665482,2.506669,31
40,5,-1.0,0.0378838,1.676002,22
41,5,-1.0,0.0301757,1.642223,21
42,5,-1.0,0.0826698,2.632002,33
43,5,-1.0,0.0231711,0.883112,10
44,5,-1.0,0.0693904,2.232002,25
45,5,-1.0,0.0913916,2.420446,30
46,5,-1.0,0.0989073,2.8684469999999997,45
47,5,-1.0,0.0911698,11.555121,159
48,5,-1.0,0.0907858,12.469344,163
49,5,-1.0,0.071743,3.581336,44
50,5,-1.0,0.0719636,5.999561,74
51,5,-1.0,0.0486786,0.9897779999999999,11
52,5,-1.0,0.0259484,1.795113,18
53,5,-1.0,0.0746265,8.126229,76
54,5,-1.0,0.0924161,1.67689,18
55,5,-1.0,0.0906904,3.420003,33
56,5,-1.0,0.0276404,1.577335,19
57,5,-1.0,0.073961,1.503557,18
58,5,-1.0,0.0986632,159.914808,1780
59,5,-1.0,0.0701061,5.268892999999999,58
60,5,-1.0,0.0792389,1.363557,12
61,5,-1.0,0.0270556,1.273779,14
62,5,-1.0,0.0988276,67.529838,841
63,5,-1.0,0.0998067,26.774245999999998,403
64,5,-1.0,0.012195,0.846667,9
65,5,-1.0,0.0749811,2.256891,30
66,5,-1.0,0.0763793,2.422224,33
67,5,-1.0,0.0372668,1.101778,11
68,5,-1.0,0.0997778,46.332041,630
69,5,-1.0,0.0902581,5.856005,80
70,5,-1.0,0.0855693,5.594671,77
71,5,-1.0,0.0684482,1.299556,16
72,5,-1.0,0.0140043,0.908001,13
73,5,-1.0,0.0705564,3.1804479999999997,41
74,5,-1.0,0.0879212,5.555561,78
75,5,-1.0,0.0111587,0.695556,9
76,5,-1.0,0.0878888,4.264448,65
77,5,-1.0,0.0958313,1.113335,13
78,5,-1.0,0.0236649,0.804445,13
79,5,-1.0,0.066976,3.128891,44
80,5,-1.0,0.0500145,0.49866699999999997,5
81,5,-1.0,0.0035083,0.62889,6
82,5,-1.0,0.079159,10.01112,98
83,5,-1.0,0.0775372,6.923560999999999,71
84,5,-1.0,0.0235846,0.912445,9
85,5,-1.0,0.064174,0.9773339999999999,13
86,5,-1.0,0.0661756,2.1502239999999997,27
87,5,-1.0,0.0861083,7.458672999999999,75
88,5,-1.0,0.0799668,5.520449999999999,71
89,5,-1.0,0.0857191,2.849336,27
90,5,-1.0,0.0999852,3649.9330219999997,53289
91,5,-1.0,0.0837677,6.682671999999999,118
92,5,-1.0,0.0791918,4.806227,72
93,5,-1.0,0.0862403,6.34845,102
94,5,-1.0,0.0732897,0.901779,14
95,5,-1.0,0.0960846,7.335118,127
96,5,-1.0,0.0955893,2.9706699999999997,41
97,5,-1.0,0.0317888,0.58889,9
98,5,-1.0,0.0258742,0.8102229999999999,15
99,5,-1.0,0.0406478,1.110668,22
0,5,-2.0,0.00834353,3.8013369999999997,43
1,5,-2.0,0.00807283,8.613785,118
2,5,-2.0,0.00910066,13.089345,198
3,5,-2.0,0.00702064,4.520449,60
4,5,-2.0,0.00932458,17.316904,258
5,5,-2.0,0.00466164,1.422668,20
6,5,-2.0,0.00884685,4.086225,56
7,5,-2.0,0.00826484,0.944,17
8,5,-2.0,0.00473105,1.9773349999999998,33
9,5,-2.0,0.00791764,3.840004,53
10,5,-2.0,0.00895451,8.086674,127
11,5,-2.0,0.00716088,3.081336,40
12,5,-2.0,0.00744851,2.312891,32
13,5,-2.0,0.00777841,5.582672,85
14,5,-2.0,0.00472304,2.0937799999999998,31
15,5,-2.0,0.00414859,1.976446,19
16,5,-2.0,0.0079003,4.309781,72
17,5,-2.0,0.00620399,2.86978,34
18,5,-2.0,0.00563486,1.460446,21
19,5,-2.0,0.0086608,2.7200029999999997,35
20,5,-2.0,0.00967701,16.070235999999998,242
21,5,-2.0,0.00836053,3.308003,53
22,5,-2.0,0.00903168,4.101337,68
23,5,-2.0,0.00427729,1.3457789999999998,16
24,5,-2.0,0.00866632,4.881781999999999,76
25,5,-2.0,0.00902632,13.110234,183
26,5,-2.0,0.00538401,1.948891,25
27,5,-2.0,0.00794279,3.7733369999999997,58
28,5,-2.0,0.00982204,22.538242,338
29,5,-2.0,0.00500778,2.716447,38
30,5,-2.0,0.00567428,1.388445,18
31,5,-2.0,0.00975241,48.220932,766
32,5,-2.0,0.000443779,0.708001,6
33,5,-2.0,0.00652656,0.634222,9
34,5,-2.0,0.00997331,19.212460999999998,250
35,5,-2.0,0.0065734,2.340446,25
36,5,-2.0,0.00553649,0.9884449999999999,8
37,5,-2.0,0.00849863,12.168455999999999,150
38,5,-2.0,0.00132605,1.099557,13
39,5,-2.0,0.00534753,1.90489,24
40,5,-2.0,0.0099896,80.832961,1328
41,5,-2.0,0.00587394,3.8422259999999997,48
42,5,-2.0,0.0079385,5.125338,71
43,5,-2.0,0.00963228,45.409818,560
44,5,-2.0,0.00724977,3.649781,67
45,5,-2.0,0.00990957,42.477371,645
46,5,-2.0,0.00954137,12.453788999999999,170
47,5,-2.0,0.00247055,1.279112,20
48,5,-2.0,0.00917761,3.230669,66
49,5,-2.0,0.00612588,2.160446,28
50,5,-2.0,0.00614215,1.763113,15
51,5,-2.0,0.00961728,0.6280009999999999,9
52,5,-2.0,0.00667657,1.7373349999999999,31
53,5,-2.0,0.00988993,40.256924,560
54,5,-2.0,0.00994163,18.595128,305
55,5,-2.0,0.00874018,9.26712,105
56,5,-2.0,0.00488744,1.7555569999999998,17
57,5,-2.0,0.00858225,14.527123999999999,172
58,5,-2.0,0.0049759,3.509781,32
59,5,-2.0,0.00269378,1.309779,14
60,5,-2.0,0.00894,7.675117999999999,106
61,5,-2.0,0.00919059,10.185787,163
62,5,-2.0,0.000394557,0.431556,7
63,5,-2.0,0.00981748,8.149785,145
64,5,-2.0,0.00717143,1.9520009999999999,34
65,5,-2.0,0.00431598,1.021779,17
66,5,-2.0,0.00980801,9.054674,155
67,5,-2.0,0.00740007,3.916004,62
68,5,-2.0,0.00698162,3.459114,58
69,5,-2.0,0.00564542,0.887112,11
70,5,-2.0,0.00777649,2.040447,28
71,5,-2.0,0.0055358,1.275112,26
72,5,-2.0,0.00973489,37.348922,628
73,5,-2.0,0.00997491,4.766227,100
74,5,-2.0,0.00801178,1.359557,23
75,5,-2.0,0.00498394,3.5355589999999997,37
76,5,-2.0,0.00895167,2.184002,40
77,5,-2.0,0.001122,0.7728889999999999,13
78,5,-2.0,0.0051656,1.566668,23
79,5,-2.0,0.00539605,1.2782229999999999,19
80,5,-2.0,0.00516443,1.00489,15
81,5,-2.0,0.00847124,2.236891,40
82,5,-2.0,0.00994426,2.365335,37
83,5,-2.0,0.00370473,1.5568899999999999,22
84,5,-2.0,0.00780977,1.82978,34
85,5,-2.0,0.00856448,6.7693389999999996,112
86,5,-2.0,0.00510522,0.917334,17
87,5,-2.0,0.00347204,1.380001,20
88,5,-2.0,0.00850795,4.42756,70
89,5,-2.0,0.00945776,9.108008,152
90,5,-2.0,0.00501571,1.716891,27
91,5,-2.0,0.00278014,1.127112,17
92,5,-2.0,0.00931876,3.7248919999999996,63
93,5,-2.0,0.00824863,2.976447,37
94,5,-2.0,0.00679289,1.081335,18
95,5,-2.0,0.00292171,0.971112,12
96,5,-2.0,0.00739417,2.84978,41
97,5,-2.0,0.00769203,3.0257799999999997,52
98,5,-2.0,0.00959579,10.97201,182
99,5,-2.0,0.00397899,2.419558,26
0,5,-3.0,0.00071532,2.9622249999999997,51
1,5,-3.0,0.000972238,27.398692,458
2,5,-3.0,0.000505779,2.228447,35
3,5,-3.0,0.000976979,0.971112,12
4,5,-3.0,0.00011559,0.701778,10
5,5,-3.0,0.000695807,2.664002,34
6,5,-3.0,0.000145678,0.801778,11
7,5,-3.0,0.000912495,11.006231999999999,150
8,5,-3.0,0.000119546,1.016001,11
9,5,-3.0,0.000853778,6.285339,74
10,5,-3.0,0.000940094,19.412461999999998,295
11,5,-3.0,0.000208945,1.939558,14
12,5,-3.0,0.00085541,3.0666689999999996,36
13,5,-3.0,0.000837451,5.27956,91
14,5,-3.0,0.000109421,0.344889,6
15,5,-3.0,0.000149319,1.042667,13
16,5,-3.0,2.09806e-05,0.5248889999999999,9
17,5,-3.0,0.000579959,2.098224,43
18,5,-3.0,0.000589503,1.009334,21
19,5,-3.0,0.000645922,1.284001,18
20,5,-3.0,0.000762455,2.068002,51
21,5,-3.0,0.000702326,5.245337999999999,73
22,5,-3.0,0.00053536,1.67689,18
23,5,-3.0,0.000986851,11.804011,160
24,5,-3.0,0.000182905,0.5826669999999999,16
25,5,-3.0,0.000977746,1.304446,22
26,5,-3.0,0.000937423,24.157353999999998,390
27,5,-3.0,0.000860604,4.589338,80
28,5,-3.0,0.000915464,1.9737799999999999,28
29,5,-3.0,0.000999034,938.7097229999999,15424
30,5,-3.0,0.000692177,5.1888939999999995,64
31,5,-3.0,0.000995479,59.346719,1091
32,5,-3.0,0.000648471,1.5368899999999999,32
33,5,-3.0,0.000701446,1.5755569999999999,32
34,5,-3.0,0.000869745,5.361338,118
35,5,-3.0,0.000987325,3.432892,56
36,5,-3.0,0.000973292,16.63957,317
37,5,-3.0,0.000362154,1.631113,27
38,5,-3.0,0.000531902,1.85378,30
39,5,-3.0,0.000999128,0.688445,15
40,5,-3.0,0.000912379,0.738223,15
41,5,-3.0,0.000361443,1.507557,27
42,5,-3.0,0.000271611,0.705778,11
43,5,-3.0,0.000322274,0.608,16
44,5,-3.0,0.000935641,7.346673,128
45,5,-3.0,0.000977489,1.666223,28
46,5,-3.0,0.000887881,8.305785,164
47,5,-3.0,0.00098455,4.7924489999999995,85
48,5,-3.0,0.000804244,2.526669,44
49,5,-3.0,0.000343743,0.917779,15
50,5,-3.0,0.000150665,0.8577779999999999,14
51,5,-3.0,3.98875e-05,0.647112,10
52,5,-3.0,0.000922999,2.664447,56
53,5,-3.0,0.000568034,1.8248909999999998,32
54,5,-3.0,0.000152144,0.847112,16
55,5,-3.0,0.000652998,1.615557,37
56,5,-3.0,0.000723452,1.9506679999999998,33
57,5,-3.0,0.000900717,10.398676,192
58,5,-3.0,7.4487e-05,0.6551119999999999,10
59,5,-3.0,0.000540175,2.204446,41
60,5,-3.0,0.000129294,0.629334,12
61,5,-3.0,0.000834263,1.089779,31
62,5,-3.0,0.000883675,2.090668,28
63,5,-3.0,0.000242017,1.035113,16
64,5,-3.0,0.00073927,1.1404459999999998,21
65,5,-3.0,0.000999135,8.705784999999999,169
66,5,-3.0,0.000246886,1.186224,21
67,5,-3.0,0.000950773,13.124011999999999,208
68,5,-3.0,0.00092083,12.4689,228
69,5,-3.0,0.000810044,4.584893,82
70,5,-3.0,0.000460471,1.272445,28
71,5,-3.0,0.00094537,15.669792,275
72,5,-3.0,0.000996129,106.321428,1991
73,5,-3.0,0.00097417,13.787123,243
74,5,-3.0,0.000976601,35.765364999999996,578
75,5,-3.0,0.000622443,2.302225,39
76,5,-3.0,0.000953576,32.688918,572
77,5,-3.0,0.000694606,2.0297799999999997,34
78,5,-3.0,0.00039938,1.210667,24
79,5,-3.0,0.000762112,2.284002,37
80,5,-3.0,0.000990059,5.885783,79
81,5,-3.0,0.000486948,2.140891,33
82,5,-3.0,0.000482366,1.8777789999999999,17
83,5,-3.0,0.000939939,14.568012999999999,212
84,5,-3.0,0.000928915,7.485785,84
85,5,-3.0,0.000606212,2.4368909999999997,39
86,5,-3.0,0.000572886,3.707115,46
87,5,-3.0,0.000975605,6.1573389999999995,121
88,5,-3.0,0.000252171,1.601334,17
89,5,-3.0,0.000747912,3.3448919999999998,55
90,5,-3.0,0.000943299,11.973343999999999,210
91,5,-3.0,8.84929e-05,0.8111119999999999,7
92,5,-3.0,0.000515896,0.564889,16
93,5,-3.0,0.000630907,2.656002,38
94,5,-3.0,0.000985723,57.661384999999996,929
95,5,-3.0,0.000271935,1.5142229999999999,23
96,5,-3.0,0.000778027,1.48089,21
97,5,-3.0,0.000224021,1.32089,20
98,5,-3.0,0.000843837,7.579561999999999,130
99,5,-3.0,0.000583607,1.3551119999999999,21
0,5,-4.0,6.45363e-05,3.526226,63
1,5,-4.0,9.94122e-05,42.072927,786
2,5,-4.0,3.04334e-05,1.034668,18
3,5,-4.0,8.68966e-06,0.765779,13
4,5,-4.0,7.27644e-05,1.467113,26
5,5,-4.0,8.4312e-05,7.171562,123
6,5,-4.0,7.89144e-05,2.1466689999999997,44
7,5,-4.0,8.66724e-05,5.485338,112
8,5,-4.0,2.5293e-05,1.2222229999999998,18
9,5,-4.0,6.63775e-05,2.876891,53
10,5,-4.0,7.65561e-05,0.688,11
11,5,-4.0,3.93099e-05,1.417335,26
12,5,-4.0,6.62415e-05,2.32178,43
13,5,-4.0,4.79876e-05,1.537779,25
14,5,-4.0,1.53468e-05,0.92889,18
15,5,-4.0,7.90745e-05,3.08667,56
16,5,-4.0,9.73878e-05,4.949338,82
17,5,-4.0,6.80982e-05,3.084891,48
18,5,-4.0,2.03034e-05,0.9848899999999999,16
19,5,-4.0,3.52597e-05,0.733779,11
20,5,-4.0,7.78881e-05,2.175558,36
21,5,-4.0,5.33514e-05,1.415557,44
22,5,-4.0,1.68894e-05,1.420891,17
23,5,-4.0,4.40413e-05,1.6377789999999999,31
24,5,-4.0,4.7171e-05,1.850223,39
25,5,-4.0,9.90048e-05,1.5222229999999999,21
26,5,-4.0,9.26329e-05,1.3968909999999999,24
27,5,-4.0,9.60138e-05,23.566688,433
28,5,-4.0,7.47912e-05,1.1293339999999998,19
29,5,-4.0,3.43271e-05,1.448445,26
30,5,-4.0,2.92885e-05,1.3155569999999999,23
31,5,-4.0,9.92816e-05,62.070277999999995,1097
32,5,-4.0,9.36995e-05,12.741788999999999,241
33,5,-4.0,9.82743e-05,47.419598,849
34,5,-4.0,5.03456e-05,1.849335,39
35,5,-4.0,7.32348e-05,2.523558,38
36,5,-4.0,9.54892e-05,1.513779,21
37,5,-4.0,1.91186e-05,1.419112,17
38,5,-4.0,9.60015e-05,28.642248,467
39,5,-4.0,1.19164e-05,0.860445,15
40,5,-4.0,8.68861e-05,10.260009,199
41,5,-4.0,8.99936e-05,6.600006,111
42,5,-4.0,8.72215e-05,4.771115,89
43,5,-4.0,9.60825e-05,3.913337,83
44,5,-4.0,8.97827e-05,4.38667,85
45,5,-4.0,4.43868e-05,1.293779,25
46,5,-4.0,1.21965e-05,0.909334,15
47,5,-4.0,9.043e-05,0.699556,12
48,5,-4.0,4.2867e-05,0.647111,11
49,5,-4.0,4.38016e-05,1.5275569999999998,27
50,5,-4.0,3.33747e-05,1.5808909999999998,28
51,5,-4.0,4.81522e-05,2.380891,40
52,5,-4.0,9.67818e-05,20.332463,419
53,5,-4.0,9.92522e-05,12.239122,229
54,5,-4.0,8.45785e-05,2.4013359999999997,37
55,5,-4.0,2.44306e-05,1.14089,19
56,5,-4.0,3.19443e-05,1.1417789999999999,22
57,5,-4.0,5.58256e-05,3.521781,51
58,5,-4.0,5.87852e-05,1.3671119999999999,24
59,5,-4.0,9.92101e-05,24.637355,449
60,5,-4.0,6.87525e-05,3.1595579999999996,41
61,5,-4.0,9.14848e-05,12.978233999999999,232
62,5,-4.0,5.14838e-05,1.631113,26
63,5,-4.0,5.72598e-05,1.9413349999999998,31
64,5,-4.0,2.69275e-05,0.44533399999999995,10
65,5,-4.0,9.47288e-05,28.152469,521
66,5,-4.0,9.9143e-05,11.649788,198
67,5,-4.0,2.08499e-05,1.209334,19
68,5,-4.0,9.78842e-05,81.474739,1340
69,5,-4.0,6.20249e-05,3.2995579999999998,56
70,5,-4.0,6.83919e-05,2.035113,36
71,5,-4.0,9.61275e-05,7.813784,157
72,5,-4.0,8.7367e-05,2.5573349999999997,43
73,5,-4.0,2.24251e-05,1.016445,17
74,5,-4.0,9.26966e-05,11.427565999999999,222
75,5,-4.0,5.25576e-05,1.3671119999999999,18
76,5,-4.0,9.66673e-05,25.652466999999998,491
77,5,-4.0,7.68504e-05,5.105783,83
78,5,-4.0,9.66461e-05,11.864899999999999,210
79,5,-4.0,9.50692e-05,4.273338,77
80,5,-4.0,4.22537e-05,1.5991119999999999,27
81,5,-4.0,1.89768e-05,1.116001,19
82,5,-4.0,9.07724e-05,7.787561999999999,147
83,5,-4.0,7.93028e-05,1.0337779999999999,32
84,5,-4.0,8.26544e-06,0.866223,10
85,5,-4.0,9.85178e-05,42.122704,804
86,5,-4.0,8.47681e-05,3.291114,47
87,5,-4.0,7.57179e-05,3.6195589999999997,66
88,5,-4.0,9.66308e-05,2.687113,49
89,5,-4.0,9.37162e-05,21.085796,384
90,5,-4.0,9.841e-05,11.701787999999999,211
91,5,-4.0,1.7445e-05,0.9693339999999999,14
92,5,-4.0,4.94457e-05,2.076002,38
93,5,-4.0,9.87811e-05,6.162672,107
94,5,-4.0,9.47112e-05,26.493357,501
95,5,-4.0,9.80805e-05,3.807115,56
96,5,-4.0,9.43372e-05,1.172445,18
97,5,-4.0,9.32602e-05,1.166223,35
98,5,-4.0,6.39412e-05,4.088449,59
99,5,-4.0,8.17943e-05,1.229779,20
0,5,-5.0,8.24008e-06,6.831561,94
1,5,-5.0,9.06627e-06,11.021343,160
2,5,-5.0,7.41579e-06,1.350668,22
3,5,-5.0,2.62263e-06,1.344001,24
4,5,-5.0,8.49634e-06,1.14489,24
5,5,-5.0,5.54479e-06,2.336446,33
6,5,-5.0,3.90465e-06,0.8911119999999999,26
7,5,-5.0,7.66423e-06,1.6982229999999998,19
8,5,-5.0,9.98908e-06,473.980421,7990
9,5,-5.0,6.64513e-06,2.569781,34
10,5,-5.0,8.1907e-06,9.332453,128
11,5,-5.0,8.82946e-06,1.418224,24
12,5,-5.0,9.27893e-06,2.6640029999999997,46
13,5,-5.0,9.02658e-06,2.427558,46
14,5,-5.0,3.90618e-06,1.263557,23
15,5,-5.0,8.03755e-06,1.499113,37
16,5,-5.0,9.70285e-06,1.174224,22
17,5,-5.0,8.1912e-06,7.506673999999999,129
18,5,-5.0,7.00715e-06,2.981781,63
19,5,-5.0,3.54099e-06,1.6044459999999998,28
20,5,-5.0,9.90186e-06,2.507113,44
21,5,-5.0,6.45136e-06,0.762223,13
22,5,-5.0,9.95413e-06,32.37914,606
23,5,-5.0,6.84684e-06,1.4657799999999999,40
24,5,-5.0,6.03944e-06,2.434224,46
25,5,-5.0,9.63596e-06,9.696454,183
26,5,-5.0,3.65517e-06,1.8991129999999998,31
27,5,-5.0,6.74403e-06,4.015115,79
28,5,-5.0,5.84951e-06,1.158668,19
29,5,-5.0,6.94481e-06,3.68667,69
30,5,-5.0,6.34281e-06,1.932002,42
31,5,-5.0,2.37115e-06,0.6444449999999999,12
32,5,-5.0,8.95958e-06,3.473781,74
33,5,-5.0,9.84915e-06,87.75963399999999,1626
34,5,-5.0,9.5844e-06,37.105810999999996,730
35,5,-5.0,5.6084e-06,2.226668,40
36,5,-5.0,7.9772e-06,0.944445,16
37,5,-5.0,9.65466e-06,2.568002,54
38,5,-5.0,6.64656e-06,3.029336,50
39,5,-5.0,6.75465e-06,2.977781,53
40,5,-5.0,8.74867e-06,7.661784,158
41,5,-5.0,7.01412e-06,3.267115,61
42,5,-5.0,6.03955e-06,2.512002,46
43,5,-5.0,9.82935e-06,47.118263999999996,892
44,5,-5.0,8.31841e-06,5.795116,97
45,5,-5.0,4.32199e-06,1.8235569999999999,32
46,5,-5.0,7.57694e-06,3.3537809999999997,60
47,5,-5.0,9.12132e-06,10.295565,187
48,5,-5.0,6.99529e-06,5.121783,88
49,5,-5.0,9.78528e-06,4.672893,104
50,5,-5.0,6.86871e-06,1.677779,35
51,5,-5.0,9.98159e-06,104.50942599999999,1774
52,5,-5.0,3.68333e-06,1.3231119999999998,23
53,5,-5.0,9.76504e-06,27.842692,553
54,5,-5.0,6.45998e-06,1.509779,47
55,5,-5.0,9.52167e-06,1.493779,22
56,5,-5.0,6.88762e-06,4.455559,74
57,5,-5.0,9.91485e-06,71.325841,1227
58,5,-5.0,4.23362e-06,1.471113,26
59,5,-5.0,6.15461e-07,0.42622299999999996,6
60,5,-5.0,9.03693e-06,10.749787999999999,195
61,5,-5.0,2.71465e-06,0.716001,11
62,5,-5.0,2.95334e-06,1.6431129999999998,28
63,5,-5.0,7.7437e-06,0.9115559999999999,15
64,5,-5.0,8.99458e-06,9.653786,200
65,5,-5.0,4.76256e-06,1.752891,41
66,5,-5.0,1.44348e-06,0.734223,17
67,5,-5.0,7.51054e-06,4.1062259999999995,79
68,5,-5.0,9.8725e-06,2.924447,59
69,5,-5.0,9.37823e-06,1.606669,31
70,5,-5.0,8.42048e-06,8.216897,163
71,5,-5.0,4.78424e-06,1.383112,21
72,5,-5.0,9.16867e-06,8.947562999999999,142
73,5,-5.0,7.16697e-06,6.814228,88
74,5,-5.0,9.53819e-06,24.079577,452
75,5,-5.0,6.67554e-06,2.428447,72
76,5,-5.0,6.29264e-07,0.804001,10
77,5,-5.0,9.85638e-06,87.705856,1588
78,5,-5.0,6.06674e-06,1.5008899999999998,29
79,5,-5.0,6.89709e-06,0.596889,11
80,5,-5.0,3.32144e-06,1.8648909999999999,31
81,5,-5.0,5.46654e-06,2.626225,36
82,5,-5.0,9.85457e-06,67.85117199999999,1299
83,5,-5.0,5.12333e-06,1.720446,32
84,5,-5.0,8.74068e-06,2.233335,40
85,5,-5.0,4.6177e-06,1.902669,33
86,5,-5.0,4.92174e-06,0.545779,8
87,5,-5.0,9.22182e-06,5.565783,106
88,5,-5.0,9.9903e-06,3.573336,65
89,5,-5.0,5.60597e-06,1.920447,35
90,5,-5.0,9.85603e-06,1.7457799999999999,31
91,5,-5.0,8.38848e-06,1.5182229999999999,31
92,5,-5.0,3.75269e-06,0.8062229999999999,13
93,5,-5.0,4.0986e-06,0.588445,11
94,5,-5.0,5.43791e-06,1.027112,26
95,5,-5.0,9.04042e-06,6.361339,141
96,5,-5.0,8.9737e-06,3.348448,66
97,5,-5.0,8.9131e-06,4.617337,123
98,5,-5.0,7.24624e-06,1.731112,26
99,5,-5.0,3.81479e-06,1.000446,20
0,10,-1.0,0.0738283,6.880895,70
1,10,-1.0,0.0815615,2.3400019999999997,14
2,10,-1.0,0.0432476,1.6804459999999999,11
3,10,-1.0,0.0716762,8.894231,55
4,10,-1.0,0.0987306,18.976461999999998,166
5,10,-1.0,0.0707259,6.103116,45
6,10,-1.0,0.0916487,22.105352999999997,227
7,10,-1.0,0.0667498,1.491557,13
8,10,-1.0,0.0814281,1.120446,9
9,10,-1.0,0.0480045,21.809797,27
10,10,-1.0,0.0866043,7.179562,61
11,10,-1.0,0.0393299,2.200891,23
12,10,-1.0,0.0418805,0.889334,8
13,10,-1.0,0.0779104,2.756002,25
14,10,-1.0,0.0526836,6.267562,26
15,10,-1.0,0.0216149,2.056891,12
16,10,-1.0,0.0939533,8.299118,75
17,10,-1.0,0.0944957,18.858684,216
18,10,-1.0,0.0551737,2.159113,20
19,10,-1.0,0.0837979,2.0657799999999997,21
20,10,-1.0,0.0615842,2.810225,32
21,10,-1.0,0.00719116,0.62,8
22,10,-1.0,0.097947,6.177783,45
23,10,-1.0,0.091571,9.201786,87
24,10,-1.0,0.0048597,0.9115559999999999,8
25,10,-1.0,0.093104,19.582238999999998,215
26,10,-1.0,0.0833289,8.396897,96
27,10,-1.0,0.0512195,1.849335,18
28,10,-1.0,0.0946246,1.2120009999999999,14
29,10,-1.0,0.0638235,4.107559,37
30,10,-1.0,0.0334506,1.798223,16
31,10,-1.0,0.0866997,3.509336,38
32,10,-1.0,0.0600997,5.124448999999999,38
33,10,-1.0,0.0582826,3.008003,27
34,10,-1.0,0.0930356,18.811128,176
35,10,-1.0,0.0575638,4.33156,45
36,10,-1.0,0.0997117,173.031265,1704
37,10,-1.0,0.0655076,3.970226,27
38,10,-1.0,0.0935618,4.928004,48
39,10,-1.0,0.022911,1.570668,12
40,10,-1.0,0.0543194,1.9257799999999998,18
41,10,-1.0,0.0257342,1.22489,18
42,10,-1.0,0.0956949,4.675115,40
43,10,-1.0,0.0855174,0.8737779999999999,9
44,10,-1.0,0.0409045,1.461334,15
45,10,-1.0,0.0970689,9.480008,101
46,10,-1.0,0.0979816,32.250696,339
47,10,-1.0,0.0699801,3.687115,40
48,10,-1.0,0.099627,202.55795799999999,2141
49,10,-1.0,0.0591968,4.040003,38
50,10,-1.0,0.0974054,2.272446,15
51,10,-1.0,0.0536176,1.940446,19
52,10,-1.0,0.0658461,3.255559,34
53,10,-1.0,0.0410201,1.7120009999999999,17
54,10,-1.0,0.0674657,2.804891,30
55,10,-1.0,0.0966491,16.925348,160
56,10,-1.0,0.09548,29.605804,320
57,10,-1.0,0.0842588,2.198668,22
58,10,-1.0,0.099749,205.335294,2097
59,10,-1.0,0.094527,10.608898,107
60,10,-1.0,0.094007,5.612894,54
61,10,-1.0,0.040753,0.800445,11
62,10,-1.0,0.0676967,4.218671,39
63,10,-1.0,0.0598851,2.064002,21
64,10,-1.0,0.0757399,3.416892,42
65,10,-1.0,0.0449875,2.797335,26
66,10,-1.0,0.0785323,2.034224,21
67,10,-1.0,0.0964603,28.073358,230
68,10,-1.0,0.0669394,5.174227,49
69,10,-1.0,0.0937503,15.685791,147
70,10,-1.0,0.0570354,2.8773359999999997,37
71,10,-1.0,0.0200057,2.152891,14
72,10,-1.0,0.0288836,2.128891,18
73,10,-1.0,0.0237323,1.999558,15
74,10,-1.0,0.092665,20.856462999999998,188
75,10,-1.0,0.0617068,4.99156,32
76,10,-1.0,0.064302,3.672892,28
77,10,-1.0,0.0893308,11.471565,69
78,10,-1.0,0.0873162,7.0928949999999995,64
79,10,-1.0,0.0581663,3.610225,24
80,10,-1.0,0.079192,4.564004,46
81,10,-1.0,0.095581,5.364005,45
82,10,-1.0,0.0894341,10.95201,126
83,10,-1.0,0.0661836,1.610668,15
84,10,-1.0,0.00224401,1.0404449999999998,8
85,10,-1.0,0.0986515,138.961457,1244
86,10,-1.0,0.0995345,38.873368,272
87,10,-1.0,0.0662169,5.9071169999999995,38
88,10,-1.0,0.0553319,2.766669,17
89,10,-1.0,0.0548183,4.003115,26
90,10,-1.0,0.0470115,5.0097819999999995,27
91,10,-1.0,0.0523328,1.950224,27
92,10,-1.0,0.0721641,8.363119,58
93,10,-1.0,0.0975592,14.161346,129
94,10,-1.0,0.095757,20.176018,213
95,10,-1.0,0.0867699,4.478225999999999,45
96,10,-1.0,0.0732785,6.978673,74
97,10,-1.0,0.0376924,2.74578,25
98,10,-1.0,0.0665915,2.4533359999999997,27
99,10,-1.0,0.0886011,5.342226999999999,61
0,10,-2.0,0.009768,96.76275299999999,955
1,10,-2.0,0.005209,2.723114,28
2,10,-2.0,0.000860437,1.181335,10
3,10,-2.0,0.00768941,9.231119,87
4,10,-2.0,0.00624007,1.709779,36
5,10,-2.0,0.00912874,2.547114,19
6,10,-2.0,0.00937718,5.557338,62
7,10,-2.0,0.00606454,2.43778,25
8,10,-2.0,0.00965735,4.297337,56
9,10,-2.0,0.00894116,21.464019,187
10,10,-2.0,0.00253686,1.64178,14
11,10,-2.0,0.00944079,3.852003,38
12,10,-2.0,0.00445,2.380891,24
13,10,-2.0,0.00850143,6.759117,70
14,10,-2.0,0.00824517,5.261782,55
15,10,-2.0,0.00927785,34.541807999999996,324
16,10,-2.0,0.00330824,1.340446,11
17,10,-2.0,0.00675596,3.847114,30
18,10,-2.0,0.00756969,6.6168949999999995,61
19,10,-2.0,0.00612055,2.1008899999999997,17
20,10,-2.0,0.00622472,6.011117,49
21,10,-2.0,0.00822084,3.711114,35
22,10,-2.0,0.00973678,54.642271,505
23,10,-2.0,0.0031994,2.475558,24
24,10,-2.0,0.00831008,2.770225,27
25,10,-2.0,0.00854758,12.322232999999999,119
26,10,-2.0,0.00345516,1.740446,20
27,10,-2.0,0.00196428,2.131113,16
28,10,-2.0,0.00190914,1.7533349999999999,14
29,10,-2.0,0.00423807,1.9573349999999998,19
30,10,-2.0,0.00417679,1.3977789999999999,12
31,10,-2.0,0.00984819,159.327697,1693
32,10,-2.0,0.00514789,3.3124469999999997,27
33,10,-2.0,0.00973714,52.462269,585
34,10,-2.0,0.00967925,37.489810999999996,373
35,10,-2.0,0.0045005,3.312448,34
36,10,-2.0,0.00831358,2.6186689999999997,28
37,10,-2.0,0.00714759,9.761341999999999,62
38,10,-2.0,0.00735974,7.329784999999999,56
39,10,-2.0,0.00898371,21.425797,203
40,10,-2.0,0.00998381,32.645362,249
41,10,-2.0,0.00955225,4.648893,50
42,10,-2.0,0.00607251,1.439557,10
43,10,-2.0,0.000402142,0.9844449999999999,10
44,10,-2.0,0.00696274,3.817782,41
45,10,-2.0,0.000725415,1.136001,11
46,10,-2.0,0.00492465,1.607557,13
47,10,-2.0,0.00928361,23.624021,234
48,10,-2.0,0.00770897,2.9213359999999997,36
49,10,-2.0,0.00849707,10.450232,99
50,10,-2.0,0.00428581,2.411113,21
51,10,-2.0,0.00808374,8.688896,89
52,10,-2.0,0.00514671,1.123556,16
53,10,-2.0,0.00582036,3.285336,35
54,10,-2.0,0.00453075,2.935113,28
55,10,-2.0,0.0097571,57.135161999999994,585
56,10,-2.0,0.00294254,2.758225,21
57,10,-2.0,0.00448156,2.475113,24
58,10,-2.0,0.00777664,6.28845,61
59,10,-2.0,0.00722078,2.055557,29
60,10,-2.0,0.00975053,7.553783999999999,69
61,10,-2.0,0.00835502,1.0795569999999999,9
62,10,-2.0,0.00954139,11.528455,124
63,10,-2.0,0.00421055,2.1462239999999997,29
64,10,-2.0,0.00695884,2.593781,22
65,10,-2.0,0.00125543,1.665335,14
66,10,-2.0,0.00938149,1.372001,24
67,10,-2.0,9.53783e-05,0.9884459999999999,7
68,10,-2.0,0.00282433,1.984001,15
69,10,-2.0,0.00411497,1.649335,13
70,10,-2.0,0.00987812,68.685839,678
71,10,-2.0,0.00970605,18.265794,151
72,10,-2.0,0.00658476,4.8408929999999994,52
73,10,-2.0,0.00685149,6.810671999999999,58
74,10,-2.0,0.00952509,5.993783,35
75,10,-2.0,0.00513525,3.09467,26
76,10,-2.0,0.0078392,1.7555569999999998,8
77,10,-2.0,0.00840432,5.80845,37
78,10,-2.0,0.00476424,3.4706699999999997,22
79,10,-2.0,0.00766897,4.845782,31
80,10,-2.0,0.0091598,30.881361,285
81,10,-2.0,0.00279631,0.5280009999999999,8
82,10,-2.0,0.00978651,46.241375,468
83,10,-2.0,0.00371604,3.320003,27
84,10,-2.0,0.00475229,1.2493349999999999,11
85,10,-2.0,0.0092369,15.792902999999999,169
86,10,-2.0,0.00988412,77.540069,793
87,10,-2.0,0.00894389,6.796005999999999,71
88,10,-2.0,0.00175005,1.5911119999999999,16
89,10,-2.0,0.0099609,12.931123,130
90,10,-2.0,0.00816342,6.886673,83
91,10,-2.0,0.00624412,5.426227,53
92,10,-2.0,0.00702183,5.456004999999999,56
93,10,-2.0,0.00777627,3.052447,29
94,10,-2.0,0.00581346,4.41067,48
95,10,-2.0,0.00971347,15.433347,149
96,10,-2.0,0.00822024,6.450672,67
97,10,-2.0,0.00803863,7.412007,72
98,10,-2.0,0.0014221,0.852001,9
99,10,-2.0,0.00798386,5.78445,63
0,10,-3.0,0.000145969,1.423112,10
1,10,-3.0,0.000926542,19.625349999999997,170
2,10,-3.0,0.000320555,1.932002,25
3,10,-3.0,0.000922516,6.44445,53
4,10,-3.0,0.000363327,2.3400019999999997,26
5,10,-3.0,0.000894552,17.554237999999998,164
6,10,-3.0,0.000844898,8.824897,88
7,10,-3.0,8.80379e-05,1.078223,11
8,10,-3.0,0.00082278,1.5128899999999998,16
9,10,-3.0,0.00029021,1.7613349999999999,19
10,10,-3.0,0.000945356,39.806258,405
11,10,-3.0,0.000996628,38.749812,378
12,10,-3.0,0.000722446,8.216897,82
13,10,-3.0,0.000319252,1.611113,13
14,10,-3.0,0.000997485,51.073378999999996,512
15,10,-3.0,0.000635535,1.232001,11
16,10,-3.0,0.000999277,11.124898,117
17,10,-3.0,0.000614985,3.848003,34
18,10,-3.0,0.000678076,5.2351149999999995,61
19,10,-3.0,0.000999017,418.935484,4318
20,10,-3.0,0.000414307,1.88489,18
21,10,-3.0,0.000976188,9.649787,107
22,10,-3.0,0.0009301,4.2680039999999995,41
23,10,-3.0,0.000714674,6.743117,63
24,10,-3.0,0.000731708,4.512449,42
25,10,-3.0,0.000903712,15.131568999999999,170
26,10,-3.0,0.000875149,4.2840039999999995,38
27,10,-3.0,0.000871757,4.761337999999999,54
28,10,-3.0,0.000249394,1.515112,10
29,10,-3.0,6.70687e-05,1.592001,12
30,10,-3.0,0.000722974,4.280004,43
31,10,-3.0,0.000710499,3.1466689999999997,32
32,10,-3.0,0.000701316,4.330226,45
33,10,-3.0,0.000891448,20.178684,215
34,10,-3.0,0.000730356,2.1626689999999997,15
35,10,-3.0,0.000902973,12.413789,120
36,10,-3.0,0.000815749,2.908447,23
37,10,-3.0,0.000734904,7.915119,70
38,10,-3.0,0.00077175,1.890669,18
39,10,-3.0,0.0002829,1.4786679999999999,14
40,10,-3.0,0.000676383,5.0351159999999995,46
41,10,-3.0,0.000994169,1.4093339999999999,16
42,10,-3.0,0.000968664,61.645832999999996,661
43,10,-3.0,0.00015858,1.2346679999999999,11
44,10,-3.0,0.000964817,10.464898999999999,111
45,10,-3.0,0.000875205,6.429339,71
46,10,-3.0,0.000997123,2.013335,30
47,10,-3.0,0.000332969,1.7453349999999999,14
48,10,-3.0,0.000103811,1.4928899999999998,12
49,10,-3.0,0.00077006,9.436009,107
50,10,-3.0,0.000993619,196.710397,1887
51,10,-3.0,0.000214561,2.215557,20
52,10,-3.0,0.000786979,6.928451,54
53,10,-3.0,0.000244861,1.244001,18
54,10,-3.0,0.000989214,18.673348999999998,170
55,10,-3.0,7.12698e-05,1.219112,12
56,10,-3.0,0.000980157,22.960465,201
57,10,-3.0,0.00056313,5.2435599999999996,49
58,10,-3.0,0.000172038,1.925335,16
59,10,-3.0,0.000957899,23.840021999999998,207
60,10,-3.0,0.000937092,21.231575,229
61,10,-3.0,0.00097906,39.362258,421
62,10,-3.0,0.000981609,20.330683999999998,166
63,10,-3.0,0.000956088,6.591117,61
64,10,-3.0,0.000993988,34.987142999999996,378
65,10,-3.0,0.00051626,2.88178,29
66,10,-3.0,0.000319874,3.069336,24
67,10,-3.0,0.000922361,10.059565,103
68,10,-3.0,0.000989342,10.180453,106
69,10,-3.0,0.000709569,1.268001,14
70,10,-3.0,0.000837423,18.025349,159
71,10,-3.0,0.000790129,2.8737809999999997,28
72,10,-3.0,0.000956994,15.869347,158
73,10,-3.0,0.000765354,1.8871129999999998,25
74,10,-3.0,0.000868798,1.4440009999999999,11
75,10,-3.0,0.000603269,4.78356,46
76,10,-3.0,0.000801678,3.270225,37
77,10,-3.0,0.000984871,158.131696,1559
78,10,-3.0,0.000605391,2.4977799999999997,18
79,10,-3.0,0.000794284,5.526672,52
80,10,-3.0,0.000744478,3.474669,26
81,10,-3.0,0.000868692,7.945785,78
82,10,-3.0,0.000781142,5.037338,48
83,10,-3.0,0.000810408,6.538672,67
84,10,-3.0,0.000694717,5.247115,51
85,10,-3.0,0.000553899,3.3088919999999997,29
86,10,-3.0,0.000419497,1.71289,15
87,10,-3.0,0.000996714,15.320903,178
88,10,-3.0,0.000782312,9.900896999999999,101
89,10,-3.0,0.000957964,15.791125,153
90,10,-3.0,0.000825123,2.696447,34
91,10,-3.0,0.000844949,14.451124,147
92,10,-3.0,0.000980817,25.727577999999998,243
93,10,-3.0,0.000265364,1.260001,13
94,10,-3.0,0.000240812,2.34178,17
95,10,-3.0,0.00069154,0.705334,5
96,10,-3.0,0.000974122,37.151143999999995,375
97,10,-3.0,0.00036228,2.89778,24
98,10,-3.0,0.000758653,4.580448,41
99,10,-3.0,2.86071e-05,0.858667,7
0,10,-4.0,9.95527e-05,290.087813,2973
1,10,-4.0,8.68407e-05,4.011114,39
2,10,-4.0,6.34335e-05,2.4648909999999997,39
3,10,-4.0,3.9822e-05,2.7631129999999997,20
4,10,-4.0,7.15223e-05,8.335118,94
5,10,-4.0,8.57605e-05,14.795568,148
6,10,-4.0,4.50633e-05,2.46178,22
7,10,-4.0,9.84993e-05,79.997849,826
8,10,-4.0,9.55309e-05,25.481800999999997,242
9,10,-4.0,9.61572e-05,7.391118,72
10,10,-4.0,7.47012e-05,3.9262259999999998,50
11,10,-4.0,4.91244e-05,2.978669,22
12,10,-4.0,6.42149e-05,6.7391179999999995,68
13,10,-4.0,4.47927e-05,2.587558,22
14,10,-4.0,9.86891e-05,78.752515,736
15,10,-4.0,5.69007e-05,1.924891,14
16,10,-4.0,8.89572e-05,14.611568,140
17,10,-4.0,8.03938e-05,3.501337,33
18,10,-4.0,5.45587e-05,4.152448,39
19,10,-4.0,4.33238e-05,2.792002,23
20,10,-4.0,9.5796e-05,7.022672999999999,93
21,10,-4.0,6.62472e-05,3.259559,29
22,10,-4.0,9.90637e-05,44.083149999999996,470
23,10,-4.0,9.5892e-05,4.600004,45
24,10,-4.0,6.68666e-05,2.597336,25
25,10,-4.0,7.34689e-05,5.739561,78
26,10,-4.0,9.83359e-05,2.037335,19
27,10,-4.0,9.98464e-05,575.268955,5467
28,10,-4.0,9.99175e-05,2318.959839,22783
29,10,-4.0,9.6832e-05,38.325367,374
30,10,-4.0,6.26939e-05,2.109779,21
31,10,-4.0,9.3619e-05,6.539561,98
32,10,-4.0,7.68877e-05,3.184002,41
33,10,-4.0,6.72847e-05,1.23289,22
34,10,-4.0,6.55495e-05,1.096001,18
35,10,-4.0,9.89285e-05,91.024526,993
36,10,-4.0,9.93179e-05,132.985007,1345
37,10,-4.0,7.26299e-05,8.228007,89
38,10,-4.0,9.74383e-05,5.5671159999999995,53
39,10,-4.0,8.98716e-05,5.587116,62
40,10,-4.0,3.71187e-05,1.368001,23
41,10,-4.0,9.21092e-05,1.422223,26
42,10,-4.0,8.99088e-05,8.269340999999999,131
43,10,-4.0,9.871e-05,75.19028899999999,738
44,10,-4.0,7.97672e-05,5.3173379999999995,68
45,10,-4.0,6.49552e-05,6.16045,53
46,10,-4.0,8.50833e-05,4.2271149999999995,21
47,10,-4.0,8.23473e-05,4.218226,29
48,10,-4.0,9.91829e-05,52.947603,531
49,10,-4.0,4.89568e-05,4.413781999999999,41
50,10,-4.0,8.91888e-05,21.088017999999998,204
51,10,-4.0,9.37144e-05,44.992929,450
52,10,-4.0,9.24953e-05,3.812003,25
53,10,-4.0,6.61078e-05,7.202673,65
54,10,-4.0,1.60613e-05,1.103556,10
55,10,-4.0,7.94175e-05,5.199116,49
56,10,-4.0,8.95205e-05,18.926239,251
57,10,-4.0,9.9895e-05,149.70324399999998,1457
58,10,-4.0,3.76558e-05,2.667558,27
59,10,-4.0,9.98627e-05,927.330157,9501
60,10,-4.0,8.30116e-05,8.304008,85
61,10,-4.0,9.53749e-05,7.068451,65
62,10,-4.0,9.84979e-05,84.19207399999999,845
63,10,-4.0,8.64231e-05,14.245346,156
64,10,-4.0,9.98386e-05,11.559566,89
65,10,-4.0,4.03258e-05,2.629336,16
66,10,-4.0,7.82027e-05,1.248001,21
67,10,-4.0,8.74871e-05,3.1515589999999998,45
68,10,-4.0,9.92812e-05,58.898274,462
69,10,-4.0,8.56556e-05,7.302229,72
70,10,-4.0,9.01628e-05,7.851118,88
71,10,-4.0,9.2515e-05,1.851557,32
72,10,-4.0,2.22968e-05,1.095557,20
73,10,-4.0,9.33362e-05,2.966669,54
74,10,-4.0,5.63797e-05,4.352004,34
75,10,-4.0,9.84649e-05,58.558718999999996,594
76,10,-4.0,2.85107e-05,2.8960019999999997,22
77,10,-4.0,8.45448e-05,6.374226999999999,62
78,10,-4.0,7.49087e-05,7.3422279999999995,84
79,10,-4.0,2.65172e-05,2.179558,24
80,10,-4.0,8.34418e-05,9.951564999999999,110
81,10,-4.0,5.33607e-05,4.365781999999999,41
82,10,-4.0,8.23747e-05,7.486229,90
83,10,-4.0,9.6284e-05,5.052449,41
84,10,-4.0,6.82093e-05,3.26978,25
85,10,-4.0,6.29958e-05,4.44267,49
86,10,-4.0,2.2226e-05,1.8968909999999999,21
87,10,-4.0,4.52514e-05,1.979558,18
88,10,-4.0,1.80221e-06,0.7755559999999999,7
89,10,-4.0,7.56081e-05,7.794674,80
90,10,-4.0,3.23683e-05,2.9933359999999998,23
91,10,-4.0,4.62994e-05,2.6533349999999998,21
92,10,-4.0,3.21353e-05,2.635113,25
93,10,-4.0,7.50769e-05,5.977783,58
94,10,-4.0,9.49417e-05,9.820008999999999,100
95,10,-4.0,9.80448e-05,21.918685999999997,236
96,10,-4.0,4.44723e-05,1.408891,17
97,10,-4.0,8.18305e-05,3.277336,26
98,10,-4.0,5.10407e-05,1.1733339999999999,10
99,10,-4.0,3.19333e-05,1.3088899999999999,13
0,10,-5.0,8.74011e-06,15.94357,114
1,10,-5.0,1.54408e-06,1.9266679999999998,16
2,10,-5.0,8.5279e-06,13.637345,99
3,10,-5.0,4.52961e-07,1.609335,12
4,10,-5.0,7.85486e-06,4.409782,57
5,10,-5.0,2.52238e-06,1.332001,22
6,10,-5.0,5.63857e-06,2.810669,41
7,10,-5.0,2.52366e-06,1.44489,24
8,10,-5.0,8.44778e-06,3.7680029999999998,62
9,10,-5.0,7.92102e-06,10.025787,111
10,10,-5.0,9.87518e-06,12.507123,110
11,10,-5.0,9.61757e-06,16.515126,130
12,10,-5.0,7.05709e-06,4.4364479999999995,44
13,10,-5.0,9.81181e-06,17.435126,191
14,10,-5.0,9.02536e-06,2.39378,28
15,10,-5.0,9.8455e-06,143.54012699999998,1609
16,10,-5.0,6.34214e-06,4.635559,43
17,10,-5.0,9.66434e-06,3.096447,34
18,10,-5.0,7.55708e-06,5.942227,47
19,10,-5.0,7.32568e-06,2.915558,23
20,10,-5.0,8.82053e-06,13.630234,167
21,10,-5.0,8.75113e-06,2.780003,46
22,10,-5.0,4.47352e-06,4.524004,41
23,10,-5.0,9.74794e-06,6.074227,51
24,10,-5.0,9.96268e-06,231.82687299999998,2454
25,10,-5.0,4.90184e-06,3.920448,39
26,10,-5.0,9.53542e-06,55.874272,556
27,10,-5.0,5.64004e-06,2.0813349999999997,21
28,10,-5.0,4.50291e-06,3.6191139999999997,31
29,10,-5.0,9.93936e-06,16.572014,123
30,10,-5.0,7.03938e-06,5.448449,52
31,10,-5.0,8.12757e-06,3.896892,43
32,10,-5.0,9.20302e-06,26.019579,300
33,10,-5.0,4.21063e-06,4.195558999999999,38
34,10,-5.0,9.47019e-06,42.951594,439
35,10,-5.0,6.01472e-06,3.9306699999999997,37
36,10,-5.0,6.2017e-06,1.6737799999999998,15
37,10,-5.0,9.96308e-06,688.797057,7312
38,10,-5.0,7.98839e-06,3.6471139999999997,64
39,10,-5.0,4.80308e-06,2.716447,38
40,10,-5.0,3.3383e-06,1.994224,22
41,10,-5.0,4.04705e-06,3.410225,27
42,10,-5.0,8.15211e-06,11.229788,112
43,10,-5.0,2.61305e-06,3.0435589999999997,23
44,10,-5.0,8.11783e-06,12.010677,120
45,10,-5.0,1.02549e-06,1.388001,14
46,10,-5.0,9.90235e-06,16.93957,146
47,10,-5.0,5.53111e-06,2.422224,24
48,10,-5.0,8.27972e-06,9.551563999999999,124
49,10,-5.0,5.42868e-06,3.1044479999999997,45
50,10,-5.0,9.35367e-06,3.596892,66
51,10,-5.0,9.8718e-06,5.807561,55
52,10,-5.0,2.32935e-06,2.2102239999999997,20
53,10,-5.0,3.78666e-06,3.62267,35
54,10,-5.0,6.44233e-06,6.8097829999999995,56
55,10,-5.0,9.13593e-06,28.090691,289
56,10,-5.0,2.91385e-06,2.36578,27
57,10,-5.0,4.045e-06,2.6111139999999997,28
58,10,-5.0,9.47888e-06,43.262705,535
59,10,-5.0,5.94191e-06,3.516448,33
60,10,-5.0,7.98774e-06,7.409784999999999,72
61,10,-5.0,4.9984e-06,2.192002,21
62,10,-5.0,6.07839e-06,5.279115,46
63,10,-5.0,8.45997e-06,7.071561999999999,77
64,10,-5.0,9.95137e-06,298.653598,3186
65,10,-5.0,7.00959e-06,3.6893369999999996,35
66,10,-5.0,5.16445e-06,4.411115,44
67,10,-5.0,7.42809e-06,6.428006,63
68,10,-5.0,9.16381e-06,3.556448,30
69,10,-5.0,7.31539e-06,1.770668,22
70,10,-5.0,8.01e-06,7.296895999999999,63
71,10,-5.0,3.81064e-06,2.940447,29
72,10,-5.0,6.35761e-06,3.6804479999999997,41
73,10,-5.0,3.26431e-06,2.63378,23
74,10,-5.0,5.29968e-06,3.5595589999999997,36
75,10,-5.0,9.67903e-06,33.59203,429
76,10,-5.0,7.69781e-06,1.42889,19
77,10,-5.0,7.32319e-06,6.4306719999999995,49
78,10,-5.0,9.0614e-06,13.717789999999999,140
79,10,-5.0,8.42662e-06,12.413343999999999,124
80,10,-5.0,6.19069e-06,5.060893999999999,50
81,10,-5.0,6.78378e-06,2.244002,24
82,10,-5.0,6.21468e-06,4.483115,38
83,10,-5.0,7.39756e-06,2.477335,23
84,10,-5.0,9.30325e-06,22.303131,174
85,10,-5.0,4.19952e-06,1.16489,15
86,10,-5.0,8.42953e-06,1.261779,20
87,10,-5.0,8.18403e-06,3.669781,59
88,10,-5.0,7.49395e-06,14.017346,104
89,10,-5.0,5.4272e-07,1.983113,12
90,10,-5.0,2.6695e-06,2.289335,21
91,10,-5.0,7.44343e-06,4.405781999999999,41
92,10,-5.0,7.01514e-06,4.672448999999999,39
93,10,-5.0,8.74779e-06,3.629781,36
94,10,-5.0,6.40064e-06,3.8608919999999998,35
95,10,-5.0,7.04943e-06,8.19334,83
96,10,-5.0,6.41762e-06,7.3915619999999995,76
97,10,-5.0,5.41049e-06,4.1048919999999995,41
98,10,-5.0,2.75837e-06,1.1751129999999999,19
99,10,-5.0,9.99275e-06,51.404044999999996,517
0,25,-1.0,0.0523087,1.602223,7
1,25,-1.0,0.031957,5.7288939999999995,15
2,25,-1.0,0.0451508,11.428009999999999,31
3,25,-1.0,0.0688818,10.230231,56
4,25,-1.0,0.0875255,6.077338999999999,24
5,25,-1.0,0.0330978,4.75556,16
6,25,-1.0,0.0941936,38.331145,151
7,25,-1.0,0.0819403,10.327563999999999,72
8,25,-1.0,0.0670731,5.265338,18
9,25,-1.0,0.0465598,5.0271159999999995,19
10,25,-1.0,0.0976189,155.760583,762
11,25,-1.0,0.0855362,9.796897,38
12,25,-1.0,0.0106353,3.3337809999999997,11
13,25,-1.0,0.0676811,13.521345,42
14,25,-1.0,0.0719694,9.640896999999999,46
15,25,-1.0,0.0521904,11.412899,32
16,25,-1.0,0.0144034,4.048448,10
17,25,-1.0,0.0942129,21.649352999999998,128
18,25,-1.0,0.0563941,1.382668,8
19,25,-1.0,0.0982071,8.186228999999999,34
20,25,-1.0,0.0890848,43.648483,194
21,25,-1.0,0.0956402,86.091188,407
22,25,-1.0,0.0955779,27.480024,120
23,25,-1.0,0.0898818,6.855562,26
24,25,-1.0,0.0936353,52.163602,199
25,25,-1.0,0.0816333,10.57912,36
26,25,-1.0,0.0424811,4.554227,14
27,25,-1.0,0.0451977,6.676006,17
28,25,-1.0,0.0951359,20.846241,97
29,25,-1.0,0.0969302,3.398225,12
30,25,-1.0,0.0971458,85.888521,409
31,25,-1.0,0.0868611,21.024908,84
32,25,-1.0,0.0548981,7.067118,25
33,25,-1.0,0.0074787,2.745336,10
34,25,-1.0,0.0889835,20.435129,117
35,25,-1.0,0.026983,3.625336,20
36,25,-1.0,0.0677954,5.087116,37
37,25,-1.0,0.0728537,3.436447,24
38,25,-1.0,0.0733084,10.461787,39
39,25,-1.0,0.0905152,11.789788,47
40,25,-1.0,0.0795572,8.632897,34
41,25,-1.0,0.0104433,2.146668,11
42,25,-1.0,0.0894429,17.02846,97
43,25,-1.0,0.0780629,3.110225,11
44,25,-1.0,0.0983966,7.916007,24
45,25,-1.0,0.0381952,4.52667,18
46,25,-1.0,0.0107347,2.5337799999999997,11
47,25,-1.0,0.0717888,25.055132999999998,72
48,25,-1.0,0.099276,298.77448799999996,843
49,25,-1.0,0.0924359,34.464031,86
50,25,-1.0,0.0856912,25.482245,69
51,25,-1.0,0.0793047,18.982239,49
52,25,-1.0,0.0939709,17.891572,52
53,25,-1.0,0.0896403,35.536921,113
54,25,-1.0,0.0587223,17.480904,32
55,25,-1.0,0.0993394,860.318543,2870
56,25,-1.0,0.0969132,17.913794,97
57,25,-1.0,0.0921702,10.130676,38
58,25,-1.0,0.00214394,3.721781,8
59,25,-1.0,0.0985585,18.38046,79
60,25,-1.0,0.0882052,5.416449,11
61,25,-1.0,0.0307147,5.613339,18
62,25,-1.0,0.0985435,7.63734,39
63,25,-1.0,0.0929045,37.032922,177
64,25,-1.0,0.0805896,2.297335,6
65,25,-1.0,0.00755159,2.73778,8
66,25,-1.0,0.0675821,10.383564999999999,41
67,25,-1.0,0.00199093,1.730224,7
68,25,-1.0,0.0842137,3.201336,17
69,25,-1.0,0.099031,198.42150999999998,1021
70,25,-1.0,0.0575225,7.353784,28
71,25,-1.0,0.0709908,19.090239999999998,70
72,25,-1.0,0.0975852,4.782671,33
73,25,-1.0,0.099647,30.699139,125
74,25,-1.0,0.097768,20.502685,83
75,25,-1.0,0.0855141,6.5195609999999995,41
76,25,-1.0,0.0631967,11.856010999999999,50
77,25,-1.0,0.0546891,9.389342,41
78,25,-1.0,0.0469166,5.184893,12
79,25,-1.0,0.0966108,48.216932,142
80,25,-1.0,0.0648731,4.132892,33
81,25,-1.0,0.0713,8.263562,73
82,25,-1.0,0.0649275,5.877783,43
83,25,-1.0,0.0373421,6.85645,24
84,25,-1.0,0.0789741,3.018669,11
85,25,-1.0,0.0792339,19.941795,83
86,25,-1.0,0.057815,5.947560999999999,22
87,25,-1.0,0.0840873,3.114225,22
88,25,-1.0,0.0312306,3.226669,22
89,25,-1.0,0.0989621,14.090235,65
90,25,-1.0,0.0934069,17.17957,79
91,25,-1.0,0.0407681,3.056447,12
92,25,-1.0,0.050338,14.828456999999998,23
93,25,-1.0,0.0972813,12.773344,64
94,25,-1.0,0.0646986,3.637337,20
95,25,-1.0,0.057044,8.864897,43
96,25,-1.0,0.063413,8.932452,37
97,25,-1.0,0.043633,4.692449,16
98,25,-1.0,0.0906369,22.974688,113
99,25,-1.0,0.0969298,11.943567,46
0,25,-2.0,0.00895611,5.081783,20
1,25,-2.0,0.00978255,147.702798,662
2,25,-2.0,0.00837639,35.202698,129
3,25,-2.0,0.00982724,206.058406,1016
4,25,-2.0,0.00980055,16.274682,66
5,25,-2.0,0.00386472,2.2915579999999998,11
6,25,-2.0,0.00672891,8.992008,58
7,25,-2.0,0.00313693,4.560004,22
8,25,-2.0,0.00529266,2.3191129999999998,7
9,25,-2.0,0.000655929,4.282226,10
10,25,-2.0,0.00546235,14.590679999999999,28
11,25,-2.0,0.00633374,15.300903,34
12,25,-2.0,0.00996099,309.78027599999996,1532
13,25,-2.0,0.00994601,150.7908,739
14,25,-2.0,0.00567821,8.927119,36
15,25,-2.0,0.00868317,5.5435609999999995,19
16,25,-2.0,0.0075955,13.055123,56
17,25,-2.0,0.00891162,18.762238999999997,68
18,25,-2.0,0.00931022,5.142227,22
19,25,-2.0,0.00673025,6.683116999999999,22
20,25,-2.0,0.00924336,9.360007999999999,36
21,25,-2.0,0.00944636,34.571142,171
22,25,-2.0,0.00790073,12.976011,54
23,25,-2.0,0.00750087,13.242678999999999,54
24,25,-2.0,0.00995367,11.413343999999999,43
25,25,-2.0,0.00347074,4.128004,25
26,25,-2.0,0.00649089,5.267116,34
27,25,-2.0,0.00812672,32.295584,94
28,25,-2.0,0.00234563,5.581783,17
29,25,-2.0,0.00243058,6.297783,19
30,25,-2.0,0.00689495,3.149336,12
31,25,-2.0,0.00736578,7.703562,53
32,25,-2.0,0.00216851,2.32578,13
33,25,-2.0,0.00854935,2.518669,14
34,25,-2.0,0.00163105,5.37645,16
35,25,-2.0,0.00579414,5.522671,18
36,25,-2.0,0.00548389,3.1751139999999998,10
37,25,-2.0,0.0075726,10.219565,63
38,25,-2.0,0.00984131,196.22861899999998,760
39,25,-2.0,0.00924014,23.487576,107
40,25,-2.0,0.00836612,5.3080039999999995,22
41,25,-2.0,0.00879078,13.457345,61
42,25,-2.0,0.00821876,9.605786,39
43,25,-2.0,0.00906299,21.268463,84
44,25,-2.0,0.00642174,2.632447,13
45,25,-2.0,0.00992815,19.97824,87
46,25,-2.0,0.00503203,5.400005,17
47,25,-2.0,0.00773124,3.804004,11
48,25,-2.0,0.000675092,3.383558,10
49,25,-2.0,0.00619797,9.454675,34
50,25,-2.0,0.00994201,218.709972,928
51,25,-2.0,0.00609647,7.287561999999999,36
52,25,-2.0,0.00977684,79.375182,253
53,25,-2.0,0.00599104,6.006227,20
54,25,-2.0,0.00959462,81.436517,258
55,25,-2.0,0.00762577,22.851575999999998,94
56,25,-2.0,0.00666145,13.259122999999999,44
57,25,-2.0,0.00119127,4.534225999999999,13
58,25,-2.0,0.00694622,8.264007,31
59,25,-2.0,0.00791037,7.710674,27
60,25,-2.0,0.00458977,7.379562,25
61,25,-2.0,0.00806872,18.051572,72
62,25,-2.0,0.00965355,7.372451,28
63,25,-2.0,0.00728927,16.577793,45
64,25,-2.0,0.00993884,141.111236,502
65,25,-2.0,0.00609404,11.800899,40
66,25,-2.0,0.00996237,1277.060691,4937
67,25,-2.0,0.00808957,4.346671,15
68,25,-2.0,0.00701199,7.924452,22
69,25,-2.0,0.00859649,22.535131,77
70,25,-2.0,0.00993566,918.425705,3705
71,25,-2.0,0.00533186,7.092006,23
72,25,-2.0,0.00713456,9.748897,34
73,25,-2.0,0.00693745,8.198229999999999,27
74,25,-2.0,0.000400382,2.4200019999999998,8
75,25,-2.0,0.0080988,27.630246999999997,127
76,25,-2.0,0.00913329,21.739575,74
77,25,-2.0,0.0067295,4.886226,13
78,25,-2.0,0.00926826,21.440464,74
79,25,-2.0,0.00912372,34.200919,115
80,25,-2.0,0.00969567,15.868459,84
81,25,-2.0,0.00718571,9.863564,29
82,25,-2.0,0.00902403,37.080922,144
83,25,-2.0,0.00928487,31.995583999999997,120
84,25,-2.0,0.00805976,21.727131,86
85,25,-2.0,0.00257551,1.419557,8
86,25,-2.0,0.00518353,3.399114,29
87,25,-2.0,0.00916482,5.624448999999999,55
88,25,-2.0,0.000942871,3.939114,12
89,25,-2.0,0.00341874,6.738227999999999,23
90,25,-2.0,0.00843495,13.427123,44
91,25,-2.0,0.00661459,18.952016999999998,62
92,25,-2.0,0.0059804,10.412898,41
93,25,-2.0,0.00610107,7.128451,41
94,25,-2.0,0.00823419,4.165781,12
95,25,-2.0,0.00290163,2.781335,8
96,25,-2.0,0.0070405,19.870684,72
97,25,-2.0,0.0093701,7.719563,30
98,25,-2.0,0.00874403,45.849818,202
99,25,-2.0,0.0087264,10.876899,36
0,25,-3.0,0.000162218,5.059114999999999,15
1,25,-3.0,0.00048871,4.974227,17
2,25,-3.0,0.000221119,5.328449,18
3,25,-3.0,0.000971479,13.885346,64
4,25,-3.0,0.000999974,14.813791,49
5,25,-3.0,0.000308795,3.5506699999999998,19
6,25,-3.0,0.00082755,17.715127,81
7,25,-3.0,0.000548672,10.447121,37
8,25,-3.0,0.000404595,8.340007,25
9,25,-3.0,0.000968014,31.373806,121
10,25,-3.0,0.000966237,32.84403,114
11,25,-3.0,0.000515304,13.130234,42
12,25,-3.0,0.000837009,22.921353999999997,125
13,25,-3.0,0.000906598,79.002293,235
14,25,-3.0,0.000980695,204.800627,816
15,25,-3.0,0.000374377,3.203114,26
16,25,-3.0,0.000822052,22.889798,106
17,25,-3.0,0.000630132,14.342234999999999,43
18,25,-3.0,0.000377336,8.214229,26
19,25,-3.0,0.000697091,16.638237,62
20,25,-3.0,0.000992905,275.961134,1093
21,25,-3.0,0.000914479,57.988496,196
22,25,-3.0,0.000787037,21.280462999999997,62
23,25,-3.0,0.000966931,73.28895399999999,297
24,25,-3.0,0.000199745,3.3977809999999997,13
25,25,-3.0,0.000912716,41.276036999999995,185
26,25,-3.0,0.000669971,13.556901,44
27,25,-3.0,0.000473144,8.345785,29
28,25,-3.0,0.000933504,19.123127999999998,100
29,25,-3.0,0.000161141,2.660447,14
30,25,-3.0,0.000883052,36.021366,126
31,25,-3.0,0.000651116,11.510677,43
32,25,-3.0,0.000874905,18.574239,111
33,25,-3.0,0.000563652,13.671123999999999,49
34,25,-3.0,0.000132547,4.075559,13
35,25,-3.0,0.000974468,184.51127499999998,721
36,25,-3.0,0.000967742,55.441382999999995,191
37,25,-3.0,0.000241522,3.900004,16
38,25,-3.0,0.000779516,19.175128,82
39,25,-3.0,0.000141614,7.644006999999999,16
40,25,-3.0,0.000417005,10.028452999999999,28
41,25,-3.0,0.00073948,29.368914999999998,86
42,25,-3.0,0.000974497,140.46545799999998,557
43,25,-3.0,0.000165802,3.0591139999999997,8
44,25,-3.0,0.000777768,11.150231999999999,36
45,25,-3.0,0.00039843,8.732452,24
46,25,-3.0,0.00098756,7.9328959999999995,26
47,25,-3.0,0.000992356,642.111682,2507
48,25,-3.0,0.000613832,6.445339,17
49,25,-3.0,0.000830091,21.223575,78
50,25,-3.0,0.000845754,32.860473999999996,136
51,25,-3.0,0.000907952,16.06357,59
52,25,-3.0,0.000990714,123.342332,435
53,25,-3.0,3.92643e-06,2.280002,7
54,25,-3.0,0.000839852,12.915122,64
55,25,-3.0,0.000637285,2.523558,13
56,25,-3.0,0.000997751,42.163593999999996,163
57,25,-3.0,0.000694022,3.444003,7
58,25,-3.0,0.000955136,40.199146,166
59,25,-3.0,0.0003054,6.481783999999999,17
60,25,-3.0,0.000437956,4.688448999999999,14
61,25,-3.0,0.000457777,4.368893,15
62,25,-3.0,0.000153357,4.314226,12
63,25,-3.0,0.000373632,6.355561,17
64,25,-3.0,0.000659285,8.921341,27
65,25,-3.0,0.000833536,11.891566,56
66,25,-3.0,0.000766719,10.824009,47
67,25,-3.0,0.000649466,4.410226,18
68,25,-3.0,0.000997975,363.52876799999996,1439
69,25,-3.0,0.000684741,10.076452999999999,31
70,25,-3.0,0.000996777,27.494246,76
71,25,-3.0,0.00037279,7.682674,27
72,25,-3.0,0.000857828,6.339116,24
73,25,-3.0,0.000128045,2.5937799999999998,9
74,25,-3.0,0.000988529,92.04674899999999,350
75,25,-3.0,0.000945412,13.428011999999999,67
76,25,-3.0,0.000707658,13.823122999999999,51
77,25,-3.0,0.000663594,13.093789,37
78,25,-3.0,0.000981263,84.234741,348
79,25,-3.0,0.000883906,10.639565,33
80,25,-3.0,0.00097038,67.99606,270
81,25,-3.0,0.000441432,4.892005,15
82,25,-3.0,0.00078448,11.657344,44
83,25,-3.0,0.000581352,13.721345999999999,32
84,25,-3.0,0.000774705,15.025791,45
85,25,-3.0,0.000825696,14.22579,58
86,25,-3.0,0.000237414,4.239559,19
87,25,-3.0,0.000915394,34.280474,131
88,25,-3.0,0.000363298,3.4702249999999997,16
89,25,-3.0,0.000311212,8.450674,23
90,25,-3.0,0.000387607,5.236892999999999,16
91,25,-3.0,0.000950812,17.530238,71
92,25,-3.0,0.000441135,8.43334,34
93,25,-3.0,0.000294459,7.798673999999999,15
94,25,-3.0,0.000464791,9.17912,27
95,25,-3.0,0.000410086,8.354674,23
96,25,-3.0,0.000992001,107.250762,464
97,25,-3.0,0.000692946,11.988455,36
98,25,-3.0,0.00096243,140.401014,587
99,25,-3.0,0.00031324,5.410672,17
0,25,-4.0,6.75103e-05,11.460454,39
1,25,-4.0,8.99847e-05,32.560473,133
2,25,-4.0,8.28424e-05,3.3373359999999996,15
3,25,-4.0,6.5439e-05,9.013340999999999,28
4,25,-4.0,5.45068e-05,10.64001,49
5,25,-4.0,5.87438e-05,10.08312,33
6,25,-4.0,9.85391e-05,21.498686,79
7,25,-4.0,8.67918e-05,11.900455,46
8,25,-4.0,8.95326e-05,5.7937829999999995,19
9,25,-4.0,7.57042e-05,9.489341999999999,34
10,25,-4.0,6.38452e-05,3.259114,7
11,25,-4.0,5.77246e-05,11.434232,35
12,25,-4.0,9.80123e-05,44.988928,202
13,25,-4.0,9.86234e-05,51.817378999999995,176
14,25,-4.0,8.02627e-05,31.016472,124
15,25,-4.0,5.13292e-05,2.789336,16
16,25,-4.0,6.38897e-05,11.122232,28
17,25,-4.0,9.91934e-05,468.49641599999995,1793
18,25,-4.0,3.50158e-05,3.899559,17
19,25,-4.0,1.57506e-05,2.87378,17
20,25,-4.0,7.38091e-05,20.925352,77
21,25,-4.0,9.03005e-05,41.573814999999996,140
22,25,-4.0,6.76982e-05,12.7889,68
23,25,-4.0,9.90696e-05,548.629821,2117
24,25,-4.0,9.91975e-05,77.102291,144
25,25,-4.0,2.50493e-05,25.311134,24
26,25,-4.0,3.79587e-05,10.361341999999999,31
27,25,-4.0,8.08751e-05,5.056004,18
28,25,-4.0,6.81187e-05,20.317351,69
29,25,-4.0,3.44765e-05,9.361786,28
30,25,-4.0,4.45401e-05,8.537785999999999,33
31,25,-4.0,9.01383e-05,14.696456999999999,74
32,25,-4.0,9.07368e-05,61.872944,197
33,25,-4.0,7.39514e-05,4.3635589999999995,10
34,25,-4.0,7.07722e-05,7.784896,24
35,25,-4.0,7.42868e-05,13.041789,53
36,25,-4.0,6.7466e-05,15.700014,48
37,25,-4.0,8.9687e-05,41.932927,171
38,25,-4.0,5.17939e-05,3.9635589999999996,11
39,25,-4.0,4.61214e-05,10.458231,34
40,25,-4.0,8.44942e-05,36.079142999999995,159
41,25,-4.0,7.22379e-05,14.949791,43
42,25,-4.0,9.73349e-05,5.484005,15
43,25,-4.0,4.66398e-05,5.7857829999999995,18
44,25,-4.0,6.79608e-05,5.886228,17
45,25,-4.0,9.52514e-05,17.351126,70
46,25,-4.0,8.34952e-05,10.853788,58
47,25,-4.0,9.97555e-05,128.377447,414
48,25,-4.0,7.48624e-05,14.428013,71
49,25,-4.0,8.75809e-05,22.348464,75
50,25,-4.0,6.24672e-05,6.868450999999999,29
51,25,-4.0,9.31436e-05,38.629366999999995,149
52,25,-4.0,6.10228e-05,18.991128,65
53,25,-4.0,8.28048e-05,31.855138999999998,128
54,25,-4.0,5.67051e-05,5.241338,51
55,25,-4.0,8.04638e-05,12.397789,48
56,25,-4.0,8.10066e-05,24.288021999999998,82
57,25,-4.0,7.42147e-05,15.43868,53
58,25,-4.0,5.89191e-05,13.164456,38
59,25,-4.0,4.50215e-05,4.1782259999999996,14
60,25,-4.0,5.55927e-05,15.984013999999998,46
61,25,-4.0,7.61599e-05,26.287578999999997,89
62,25,-4.0,2.98574e-05,4.37067,16
63,25,-4.0,2.588e-05,3.646225,13
64,25,-4.0,5.31878e-05,10.800454,37
65,25,-4.0,7.35653e-05,10.88401,51
66,25,-4.0,2.33736e-05,5.492894,17
67,25,-4.0,6.08556e-05,22.281796999999997,64
68,25,-4.0,5.95596e-05,16.536013999999998,53
69,25,-4.0,9.22414e-05,69.952951,303
70,25,-4.0,9.71673e-05,6.020893999999999,14
71,25,-4.0,6.38204e-06,3.0257799999999997,9
72,25,-4.0,9.61217e-05,14.888458,46
73,25,-4.0,7.64119e-05,6.241339,30
74,25,-4.0,9.3956e-05,4.707559,23
75,25,-4.0,6.23282e-05,8.499119,26
76,25,-4.0,6.73741e-05,19.359128,61
77,25,-4.0,6.37524e-05,4.286226,16
78,25,-4.0,9.18857e-05,10.063564,39
79,25,-4.0,4.15961e-05,9.209342,31
80,25,-4.0,3.66625e-05,6.071117,27
81,25,-4.0,9.15191e-05,2.264446,11
82,25,-4.0,9.97927e-05,779.132692,3055
83,25,-4.0,7.63061e-05,11.754677,63
84,25,-4.0,9.02264e-05,38.681812,150
85,25,-4.0,3.11374e-05,7.902228999999999,25
86,25,-4.0,7.78646e-05,18.641348999999998,63
87,25,-4.0,8.33369e-05,17.127571,50
88,25,-4.0,5.08761e-05,3.335558,12
89,25,-4.0,3.49009e-06,1.979557,9
90,25,-4.0,9.81402e-05,162.916144,581
91,25,-4.0,8.84468e-06,3.133781,14
92,25,-4.0,9.05618e-05,4.974227,14
93,25,-4.0,9.79137e-05,115.022324,456
94,25,-4.0,7.34423e-05,17.574237999999998,67
95,25,-4.0,5.58809e-06,3.8671149999999996,12
96,25,-4.0,6.74947e-05,19.21735,51
97,25,-4.0,2.81963e-05,6.061783999999999,20
98,25,-4.0,9.55782e-05,27.080911999999998,105
99,25,-4.0,9.23779e-05,9.266231,35
0,25,-5.0,9.47387e-06,5.249783,18
1,25,-5.0,4.53273e-06,4.709782,16
2,25,-5.0,6.95765e-06,24.576466,74
3,25,-5.0,7.87903e-06,12.693788999999999,44
4,25,-5.0,8.46432e-06,6.192894,50
5,25,-5.0,7.33953e-06,6.40445,40
6,25,-5.0,6.80944e-06,23.603132,73
7,25,-5.0,8.11253e-06,9.814676,30
8,25,-5.0,9.43291e-06,37.420033,106
9,25,-5.0,9.76568e-06,223.68330999999998,937
10,25,-5.0,3.36631e-07,4.112004,11
11,25,-5.0,4.81193e-06,5.792895,20
12,25,-5.0,2.48796e-06,7.147117,24
13,25,-5.0,6.54165e-06,5.030227,15
14,25,-5.0,3.73727e-06,10.164897999999999,27
15,25,-5.0,3.5102e-06,7.6755629999999995,24
16,25,-5.0,8.75564e-06,8.094674,47
17,25,-5.0,8.57866e-06,63.878724,204
18,25,-5.0,7.00451e-06,8.509341,31
19,25,-5.0,2.27649e-06,6.000894,23
20,25,-5.0,6.06498e-06,8.419563,32
21,25,-5.0,6.21989e-06,8.892007999999999,44
22,25,-5.0,9.36185e-06,51.461379,188
23,25,-5.0,3.64886e-06,8.756008,29
24,25,-5.0,9.53119e-06,37.612034,196
25,25,-5.0,9.74385e-06,15.141791,63
26,25,-5.0,2.19498e-06,6.3671169999999995,21
27,25,-5.0,3.89603e-06,5.950672,18
28,25,-5.0,3.60319e-06,8.027562,25
29,25,-5.0,2.46695e-06,6.240005999999999,19
30,25,-5.0,8.52315e-06,6.2386729999999995,20
31,25,-5.0,7.82429e-06,3.3137809999999996,16
32,25,-5.0,1.45173e-06,3.7213369999999997,15
33,25,-5.0,6.03716e-06,8.420895999999999,19
34,25,-5.0,2.50978e-06,7.362673999999999,18
35,25,-5.0,7.99087e-06,27.176913,89
36,25,-5.0,6.98004e-06,3.3137809999999996,12
37,25,-5.0,6.74398e-06,12.417788999999999,44
38,25,-5.0,7.53351e-06,6.482228,29
39,25,-5.0,5.40866e-06,14.466235,34
40,25,-5.0,4.46676e-06,12.300011,27
41,25,-5.0,9.68957e-06,57.158272999999994,169
42,25,-5.0,9.88811e-06,177.25215799999998,665
43,25,-5.0,7.28606e-06,13.301345,51
44,25,-5.0,7.26638e-06,18.243572,80
45,25,-5.0,8.29962e-06,48.803599,171
46,25,-5.0,3.88074e-06,8.272008,28
47,25,-5.0,9.37097e-06,29.013358999999998,151
48,25,-5.0,2.24886e-06,6.287560999999999,21
49,25,-5.0,6.91195e-06,8.939119999999999,33
50,25,-5.0,8.99268e-06,106.32587199999999,319
51,25,-5.0,8.8476e-06,50.965823,218
52,25,-5.0,1.78808e-06,3.65067,15
53,25,-5.0,9.17988e-06,64.397391,220
54,25,-5.0,9.44234e-06,30.951138,92
55,25,-5.0,6.84662e-06,6.5924499999999995,22
56,25,-5.0,4.64924e-06,9.894675999999999,19
57,25,-5.0,9.76439e-06,12.975567,46
58,25,-5.0,8.88531e-06,29.689804,124
59,25,-5.0,5.25775e-06,8.449341,35
60,25,-5.0,5.66374e-06,11.347121,47
61,25,-5.0,7.16619e-06,11.8409,42
62,25,-5.0,9.51127e-06,117.76055,493
63,25,-5.0,5.37607e-06,3.503114,19
64,25,-5.0,1.23837e-06,6.408449999999999,16
65,25,-5.0,9.57255e-06,29.232915,102
66,25,-5.0,7.77686e-06,11.672899,26
67,25,-5.0,9.56189e-06,47.520042,160
68,25,-5.0,5.04682e-06,10.551565,35
69,25,-5.0,7.33017e-06,9.812453,32
70,25,-5.0,2.07609e-06,5.76445,19
71,25,-5.0,7.92981e-06,13.054234,52
72,25,-5.0,7.46908e-06,13.614678999999999,104
73,25,-5.0,5.74704e-06,4.79556,44
74,25,-5.0,8.32719e-07,2.5004459999999997,7
75,25,-5.0,7.56095e-06,22.884909,71
76,25,-5.0,9.57154e-06,106.427206,380
77,25,-5.0,2.89222e-06,5.4542269999999995,20
78,25,-5.0,8.03246e-06,11.76801,30
79,25,-5.0,7.78163e-06,30.148027,133
80,25,-5.0,5.76535e-06,9.297786,30
81,25,-5.0,2.68199e-06,4.280003,13
82,25,-5.0,6.34762e-06,5.780894,20
83,25,-5.0,7.54376e-06,4.715116,14
84,25,-5.0,1.47818e-08,2.4568909999999997,7
85,25,-5.0,4.28154e-06,4.576004,15
86,25,-5.0,8.2298e-06,6.13645,22
87,25,-5.0,4.99356e-06,5.2288939999999995,30
88,25,-5.0,4.53815e-06,10.995565,31
89,25,-5.0,9.7752e-06,8.448008,32
90,25,-5.0,4.43275e-06,3.189336,18
91,25,-5.0,8.88446e-06,12.860456,42
92,25,-5.0,7.49209e-06,20.669795999999998,70
93,25,-5.0,8.63059e-06,4.77156,24
94,25,-5.0,9.25268e-06,23.416909999999998,96
95,25,-5.0,8.98193e-06,51.123601,173
96,25,-5.0,9.28721e-06,14.881347,63
97,25,-5.0,4.57476e-06,12.358233,40
98,25,-5.0,9.98741e-06,2503.38267,10048
99,25,-5.0,6.32184e-06,2.77378,17
0,50,-1.0,0.0579529,17.42446,28
1,50,-1.0,0.0665741,14.645346,35
2,50,-1.0,0.0667198,11.074676,16
3,50,-1.0,0.0993172,19.740906,29
4,50,-1.0,0.0481399,14.214234999999999,20
5,50,-1.0,0.0881218,49.07071,95
6,50,-1.0,0.0515692,7.081784,9
7,50,-1.0,0.0937689,41.30937,105
8,50,-1.0,0.0741852,39.892924,74
9,50,-1.0,0.0996239,19.590239,29
10,50,-1.0,0.0538167,15.988014,23
11,50,-1.0,0.0260456,11.096898999999999,18
12,50,-1.0,0.0899078,22.380907999999998,43
13,50,-1.0,0.0640602,27.692469,49
14,50,-1.0,0.0812668,59.065386,102
15,50,-1.0,0.0545486,8.200896,14
16,50,-1.0,0.0978899,206.224627,418
17,50,-1.0,0.0913842,108.182763,211
18,50,-1.0,0.0806676,29.620915999999998,65
19,50,-1.0,0.00481295,7.056895,8
20,50,-1.0,0.097058,11.806232999999999,17
21,50,-1.0,0.090981,6.997783999999999,10
22,50,-1.0,0.0810204,12.095122,17
23,50,-1.0,0.0596794,20.915574,44
24,50,-1.0,0.0938862,118.645438,139
25,50,-1.0,0.0985326,289.58381299999996,557
26,50,-1.0,0.0695017,12.649344,14
27,50,-1.0,0.0227372,9.052453,17
28,50,-1.0,0.0736064,16.248904,18
29,50,-1.0,0.0755321,20.009351,33
30,50,-1.0,0.0986791,54.196048,94
31,50,-1.0,0.0801721,22.904465,48
32,50,-1.0,0.0856752,28.395137,59
33,50,-1.0,0.03924,11.853344,19
34,50,-1.0,0.0526623,9.531564999999999,12
35,50,-1.0,0.0273407,11.420899,18
36,50,-1.0,0.0552799,18.757794999999998,32
37,50,-1.0,0.046247,12.830677999999999,13
38,50,-1.0,0.0923196,133.273007,265
39,50,-1.0,0.0930756,54.692049,93
40,50,-1.0,0.0270238,5.851560999999999,13
41,50,-1.0,0.0989489,92.050748,167
42,50,-1.0,0.0684354,17.135571,21
43,50,-1.0,0.0581402,15.620458,21
44,50,-1.0,0.0494942,19.98624,27
45,50,-1.0,0.0872226,35.341364999999996,59
46,50,-1.0,0.0769654,48.188043,73
47,50,-1.0,0.0955548,47.148042,98
48,50,-1.0,0.0907014,50.853379,91
49,50,-1.0,0.0569369,21.214686,33
50,50,-1.0,0.0899445,22.910687,39
51,50,-1.0,0.0533955,23.594687,32
52,50,-1.0,0.0877474,18.569795,27
53,50,-1.0,0.015298,5.944005,10
54,50,-1.0,0.0725881,7.18534,17
55,50,-1.0,0.0733874,21.072907999999998,37
56,50,-1.0,0.0722246,27.045358,53
57,50,-1.0,0.0634188,8.392451,13
58,50,-1.0,0.0283992,17.412015999999998,19
59,50,-1.0,0.0272068,6.092448999999999,20
60,50,-1.0,0.0969166,265.89045799999997,515
61,50,-1.0,0.0922555,13.236899999999999,21
62,50,-1.0,0.0837564,54.749826,116
63,50,-1.0,0.0632751,13.676012,31
64,50,-1.0,0.0449462,15.554236,26
65,50,-1.0,0.0966987,46.851597999999996,84
66,50,-1.0,0.0256282,10.925343,15
67,50,-1.0,0.0318516,15.051124,17
68,50,-1.0,0.0660428,13.542679,18
69,50,-1.0,0.00137172,5.476005,6
70,50,-1.0,0.0468441,17.702237999999998,23
71,50,-1.0,0.098385,7.252896,16
72,50,-1.0,0.0473538,13.848901,21
73,50,-1.0,0.0979654,235.340654,431
74,50,-1.0,0.0913336,17.438238,30
75,50,-1.0,0.058715,16.907571,30
76,50,-1.0,0.083568,62.312054999999994,132
77,50,-1.0,0.0964553,47.511596999999995,99
78,50,-1.0,0.0685365,41.32937,58
79,50,-1.0,0.0795645,7.891119,21
80,50,-1.0,0.0940029,206.135739,407
81,50,-1.0,0.0810665,43.352927,73
82,50,-1.0,0.0569057,24.364466,34
83,50,-1.0,0.031427,14.173345,16
84,50,-1.0,0.0620927,17.03246,34
85,50,-1.0,0.0972903,100.489423,195
86,50,-1.0,0.0429613,14.568902,25
87,50,-1.0,0.018803,6.396006,14
88,50,-1.0,0.0298407,14.545791,17
89,50,-1.0,0.0511526,24.480466,27
90,50,-1.0,0.0396239,11.415121,13
91,50,-1.0,0.0416718,12.916456,26
92,50,-1.0,0.0802514,41.716037,88
93,50,-1.0,0.0622083,24.689799999999998,42
94,50,-1.0,0.0505141,7.741339999999999,17
95,50,-1.0,0.0944093,29.335582,43
96,50,-1.0,0.0790558,38.384035,78
97,50,-1.0,0.0923275,47.208487,96
98,50,-1.0,0.0985309,51.646268,76
99,50,-1.0,0.0910004,9.534676,18
0,50,-2.0,0.00996417,627.625003,1217
1,50,-2.0,0.00420669,8.469341,18
2,50,-2.0,0.00742574,12.082678,29
3,50,-2.0,0.0047921,12.026232,16
4,50,-2.0,0.00971329,30.060471,51
5,50,-2.0,0.00662515,25.762245,61
6,50,-2.0,0.00154049,11.040009999999999,16
7,50,-2.0,0.00597861,27.318690999999998,51
8,50,-2.0,0.00725163,35.207586,65
9,50,-2.0,0.00846061,27.904913999999998,60
10,50,-2.0,0.00631079,16.813793,32
11,50,-2.0,0.00996274,381.863006,771
12,50,-2.0,0.00711741,17.937794,33
13,50,-2.0,0.00811843,48.103598,93
14,50,-2.0,0.000943361,6.572006,7
15,50,-2.0,0.00915767,38.050256,62
16,50,-2.0,0.00182023,9.487119,14
17,50,-2.0,0.00745558,10.252898,17
18,50,-2.0,0.00741098,20.988908,33
19,50,-2.0,0.00936888,55.128938,121
20,50,-2.0,0.00527468,24.16491,40
21,50,-2.0,0.0092201,9.915564999999999,12
22,50,-2.0,0.00417518,9.298675,25
23,50,-2.0,0.00985138,16.57957,29
24,50,-2.0,0.00952146,21.933798,29
25,50,-2.0,0.00813075,28.596024999999997,43
26,50,-2.0,0.00994179,187.556611,389
27,50,-2.0,0.00413708,9.753786,15
28,50,-2.0,0.00185204,11.962677,16
29,50,-2.0,0.00865278,84.412075,176
30,50,-2.0,0.00838269,21.371129999999997,36
31,50,-2.0,0.00899946,19.95824,31
32,50,-2.0,0.0038439,11.489787999999999,18
33,50,-2.0,0.00627684,14.488902,46
34,50,-2.0,0.00371537,11.832011,19
35,50,-2.0,0.00912995,13.021345,20
36,50,-2.0,0.00930971,53.44538,120
37,50,-2.0,0.00243805,10.056453,12
38,50,-2.0,0.006933,15.686679999999999,32
39,50,-2.0,0.00478754,26.443134999999998,30
40,50,-2.0,0.00968723,42.619149,80
41,50,-2.0,0.00743065,28.19558,44
42,50,-2.0,0.00547108,9.669786,23
43,50,-2.0,0.00923848,11.087121,14
44,50,-2.0,0.00989959,961.987522,1881
45,50,-2.0,0.00778869,32.956474,47
46,50,-2.0,0.00268539,9.590675,12
47,50,-2.0,0.00744578,11.61601,15
48,50,-2.0,0.00854946,8.651119,15
49,50,-2.0,0.00839227,78.944514,147
50,50,-2.0,0.00999333,3573.9169549999997,6980
51,50,-2.0,0.00771187,56.931605999999995,101
52,50,-2.0,0.00630682,8.434674,10
53,50,-2.0,0.00157412,15.544013999999999,13
54,50,-2.0,0.00857715,32.41514,69
55,50,-2.0,0.00815299,40.050702,66
56,50,-2.0,0.0095219,123.641443,235
57,50,-2.0,0.00973452,92.34719299999999,176
58,50,-2.0,0.00871671,51.221379,109
59,50,-2.0,0.00944142,224.277088,388
60,50,-2.0,0.0030923,9.700008,20
61,50,-2.0,0.00806386,24.145799,46
62,50,-2.0,0.00692989,28.100025,52
63,50,-2.0,0.00948004,142.620127,321
64,50,-2.0,0.00762636,47.204485999999996,90
65,50,-2.0,0.00998301,1374.873666,2656
66,50,-2.0,0.00961161,120.75966299999999,201
67,50,-2.0,0.00131853,10.132453,12
68,50,-2.0,0.00817993,29.587581999999998,46
69,50,-2.0,0.000412335,8.351562999999999,8
70,50,-2.0,0.00913347,19.834685,45
71,50,-2.0,0.00925976,142.473905,294
72,50,-2.0,0.00826641,47.854709,83
73,50,-2.0,0.00955628,17.37246,42
74,50,-2.0,0.00891052,56.916495,95
75,50,-2.0,0.000728437,6.231561,11
76,50,-2.0,0.00626923,27.112023999999998,41
77,50,-2.0,0.00130049,4.508004,7
78,50,-2.0,0.00193891,9.941341999999999,16
79,50,-2.0,0.00550626,22.09602,33
80,50,-2.0,0.00977066,209.16107499999998,422
81,50,-2.0,0.00232984,8.676007,17
82,50,-2.0,0.00939843,55.732493999999996,84
83,50,-2.0,0.0025199,11.489344,21
84,50,-2.0,0.00843024,17.534238,27
85,50,-2.0,0.00777799,48.692043,97
86,50,-2.0,0.00794561,48.611599,81
87,50,-2.0,0.009964,28.194692,47
88,50,-2.0,0.00836436,36.57781,59
89,50,-2.0,0.00608706,27.813802,40
90,50,-2.0,0.00199286,9.039564,9
91,50,-2.0,0.00645775,47.540931,61
92,50,-2.0,0.00258504,5.725783,9
93,50,-2.0,0.00666573,22.98891,38
94,50,-2.0,0.00793924,56.531606,110
95,50,-2.0,0.00620499,12.423566,25
96,50,-2.0,0.00893663,113.94321199999999,210
97,50,-2.0,0.00450259,6.065339,8
98,50,-2.0,0.00826841,41.084036,69
99,50,-2.0,0.00750118,47.212486,52
0,50,-3.0,8.43927e-05,10.611564999999999,13
1,50,-3.0,0.00056319,15.978237,23
2,50,-3.0,0.000958104,130.640561,238
3,50,-3.0,0.000264032,14.380457999999999,22
4,50,-3.0,9.56666e-05,9.471119,11
5,50,-3.0,0.000913754,129.257003,242
6,50,-3.0,0.000422149,12.062232999999999,15
7,50,-3.0,0.000981716,520.251573,970
8,50,-3.0,0.000744572,14.700458,27
9,50,-3.0,0.000686264,8.243117999999999,8
10,50,-3.0,0.000542199,12.710678,17
11,50,-3.0,0.000999234,40.274257999999996,122
12,50,-3.0,0.000760228,21.036019,54
13,50,-3.0,0.000312549,6.506228,11
14,50,-3.0,0.000506977,14.35868,35
15,50,-3.0,0.00073863,33.906253,92
16,50,-3.0,0.000834849,17.687127,34
17,50,-3.0,0.000875351,50.523156,139
18,50,-3.0,0.000204154,9.756008999999999,16
19,50,-3.0,0.000445963,11.201787999999999,26
20,50,-3.0,0.000435448,10.747565,33
21,50,-3.0,0.000979797,302.342047,791
22,50,-3.0,0.000213422,16.024903,19
23,50,-3.0,0.000567584,26.669801999999997,39
24,50,-3.0,0.000881645,82.117851,123
25,50,-3.0,0.0008601,32.684474,102
26,50,-3.0,0.00091043,68.38628299999999,227
27,50,-3.0,0.000461694,9.895564,29
28,50,-3.0,0.000784587,9.969787,33
29,50,-3.0,0.000535846,10.541788,34
30,50,-3.0,0.000429351,12.418676999999999,31
31,50,-3.0,0.000949475,21.540018999999997,53
32,50,-3.0,0.000763549,14.892458,44
33,50,-3.0,0.000457727,13.673345,38
34,50,-3.0,0.000763711,12.344899,25
35,50,-3.0,0.000860924,14.329791,44
36,50,-3.0,0.000790683,7.34934,22
37,50,-3.0,0.000929347,77.21384599999999,207
38,50,-3.0,0.000979967,141.83879299999998,379
39,50,-3.0,0.000797272,12.728456,53
40,50,-3.0,0.000988982,437.324389,1266
41,50,-3.0,0.000931775,57.468050999999996,143
42,50,-3.0,0.000967026,34.261807999999995,100
43,50,-3.0,0.000997049,55.950271,156
44,50,-3.0,0.000392914,9.004451999999999,13
45,50,-3.0,2.73551e-05,5.771116,9
46,50,-3.0,0.000995518,797.780709,2245
47,50,-3.0,0.00056868,8.066673999999999,17
48,50,-3.0,0.000931947,33.142251,83
49,50,-3.0,0.000830836,7.67334,22
50,50,-3.0,0.000854659,25.963134999999998,56
51,50,-3.0,0.000651446,28.430691999999997,66
52,50,-3.0,0.000692173,20.542685,63
53,50,-3.0,0.000782414,43.46715,120
54,50,-3.0,0.000960742,79.730293,204
55,50,-3.0,0.000871341,56.03205,61
56,50,-3.0,0.000742053,30.466248999999998,77
57,50,-3.0,0.000247823,7.303561999999999,14
58,50,-3.0,0.00020338,9.476897,20
59,50,-3.0,0.000621588,8.628007,28
60,50,-3.0,0.000531141,15.700458,47
61,50,-3.0,0.000939597,29.281359,86
62,50,-3.0,0.000645986,8.841785999999999,21
63,50,-3.0,0.000101798,7.468007,12
64,50,-3.0,0.000920039,69.48183999999999,215
65,50,-3.0,0.00060743,18.395127,39
66,50,-3.0,0.000960062,88.75874499999999,253
67,50,-3.0,0.000250709,10.158230999999999,18
68,50,-3.0,0.000802219,9.992898,26
69,50,-3.0,9.25606e-05,4.262671,11
70,50,-3.0,0.000949803,92.088971,232
71,50,-3.0,0.000319333,6.427117,14
72,50,-3.0,0.000437761,15.225791999999998,33
73,50,-3.0,0.000418992,10.857343,27
74,50,-3.0,0.000324364,7.552896,17
75,50,-3.0,0.00059294,16.322681,48
76,50,-3.0,0.00073589,5.120005,15
77,50,-3.0,0.000585381,16.637348,38
78,50,-3.0,0.000579725,17.092905,37
79,50,-3.0,0.00092329,76.427624,226
80,50,-3.0,0.000954354,211.349966,560
81,50,-3.0,0.00089844,69.52895099999999,184
82,50,-3.0,0.000811714,46.187596,119
83,50,-3.0,0.000158954,7.6422289999999995,15
84,50,-3.0,0.000406412,9.896898,16
85,50,-3.0,0.000969527,21.720019,56
86,50,-3.0,5.7174e-05,3.63067,8
87,50,-3.0,0.000469842,9.536453,21
88,50,-3.0,0.000839341,22.816464999999997,57
89,50,-3.0,0.000882078,30.138693,65
90,50,-3.0,0.000897751,22.97202,72
91,50,-3.0,0.000929267,6.012893999999999,12
92,50,-3.0,0.000991756,119.999662,339
93,50,-3.0,0.000921483,101.172979,283
94,50,-3.0,0.000792587,12.953344,30
95,50,-3.0,0.000562123,8.304452,17
96,50,-3.0,0.000413297,10.108898,24
97,50,-3.0,0.000358692,8.598675,20
98,50,-3.0,0.000816208,26.938691,52
99,50,-3.0,0.000914512,11.689789,18
0,50,-4.0,4.38904e-05,9.420008,15
1,50,-4.0,8.86218e-05,18.679126999999998,49
2,50,-4.0,7.45224e-05,29.796025999999998,84
3,50,-4.0,6.39364e-05,21.39113,57
4,50,-4.0,7.6513e-05,20.690241,64
5,50,-4.0,7.25556e-05,26.598246,59
6,50,-4.0,8.21724e-05,53.837381,140
7,50,-4.0,7.12956e-05,19.08535,46
8,50,-4.0,3.0611e-05,9.002229999999999,12
9,50,-4.0,3.16748e-05,12.979123,24
10,50,-4.0,7.40403e-05,30.685805,71
11,50,-4.0,7.61288e-05,18.402683,50
12,50,-4.0,6.38602e-05,16.701793,35
13,50,-4.0,3.64969e-05,9.298675,28
14,50,-4.0,9.66076e-05,58.958273999999996,107
15,50,-4.0,2.51428e-05,11.696899,20
16,50,-4.0,7.47034e-05,40.220481,109
17,50,-4.0,7.34069e-05,28.480024999999998,69
18,50,-4.0,4.53144e-05,21.204463,39
19,50,-4.0,7.32881e-05,6.2288939999999995,22
20,50,-4.0,8.27469e-05,23.030241999999998,72
21,50,-4.0,8.53562e-05,88.02585599999999,95
22,50,-4.0,9.23742e-05,15.414235999999999,15
23,50,-4.0,2.89219e-05,16.564902999999997,24
24,50,-4.0,8.41451e-05,98.304088,166
25,50,-4.0,9.90086e-05,850.6998669999999,2333
26,50,-4.0,7.7585e-05,21.077351999999998,49
27,50,-4.0,3.99795e-05,14.907124999999999,35
28,50,-4.0,9.10288e-05,81.56229499999999,223
29,50,-4.0,6.5388e-05,14.080013,42
30,50,-4.0,9.40691e-05,73.59250999999999,196
31,50,-4.0,8.57525e-05,29.887138,74
32,50,-4.0,4.82389e-05,11.8409,31
33,50,-4.0,9.69733e-05,21.344464,47
34,50,-4.0,9.97223e-05,171.954375,482
35,50,-4.0,3.47267e-05,7.723561999999999,17
36,50,-4.0,7.28311e-05,17.770683,40
37,50,-4.0,8.85466e-05,47.187598,145
38,50,-4.0,8.00511e-05,32.946252,65
39,50,-4.0,7.80684e-05,42.678705,126
40,50,-4.0,9.79811e-05,213.34374499999998,555
41,50,-4.0,6.50262e-06,4.784892999999999,13
42,50,-4.0,4.85622e-05,17.210682,34
43,50,-4.0,4.06309e-05,14.031124,32
44,50,-4.0,7.98012e-05,13.190678,24
45,50,-4.0,4.055e-05,6.820005999999999,13
46,50,-4.0,7.47874e-06,8.002229,11
47,50,-4.0,9.25678e-05,42.236038,117
48,50,-4.0,9.30115e-05,20.730684999999998,60
49,50,-4.0,9.02095e-05,42.492926,120
50,50,-4.0,9.71788e-05,17.821793,46
51,50,-4.0,4.95596e-05,12.504011,34
52,50,-4.0,6.97167e-05,17.537793,44
53,50,-4.0,8.82723e-05,104.70853699999999,184
54,50,-4.0,3.18768e-05,11.078676999999999,17
55,50,-4.0,2.8822e-05,14.937346999999999,24
56,50,-4.0,5.14853e-05,8.304452,14
57,50,-4.0,9.88508e-05,28.508025,103
58,50,-4.0,2.11556e-05,9.96712,18
59,50,-4.0,7.20135e-05,29.688471,96
60,50,-4.0,4.03946e-05,6.413783,24
61,50,-4.0,5.02715e-05,15.740457999999999,43
62,50,-4.0,3.2168e-05,11.171121,23
63,50,-4.0,6.0939e-05,17.187127,43
64,50,-4.0,9.23021e-05,83.122297,238
65,50,-4.0,9.97667e-05,22.615575999999997,54
66,50,-4.0,6.70816e-05,15.587568999999998,28
67,50,-4.0,9.22783e-05,65.047169,145
68,50,-4.0,8.48762e-05,17.500904,52
69,50,-4.0,7.26424e-05,5.83956,11
70,50,-4.0,9.79004e-05,87.321855,214
71,50,-4.0,9.72992e-05,38.753367999999995,114
72,50,-4.0,1.52775e-05,6.732895,15
73,50,-4.0,9.65501e-05,15.668902999999998,54
74,50,-4.0,8.61394e-05,38.131589,88
75,50,-4.0,8.44755e-05,34.804031,91
76,50,-4.0,6.71821e-05,27.844914,56
77,50,-4.0,7.70419e-05,40.721813999999995,109
78,50,-4.0,5.19424e-05,16.636903999999998,40
79,50,-4.0,1.28663e-05,5.552004999999999,14
80,50,-4.0,8.90699e-05,53.031603,145
81,50,-4.0,8.55096e-05,30.858694,92
82,50,-4.0,8.27064e-05,60.902721,128
83,50,-4.0,8.25844e-05,27.81958,69
84,50,-4.0,6.39162e-05,13.476901,29
85,50,-4.0,5.54302e-05,18.327572,34
86,50,-4.0,8.02003e-05,40.540481,132
87,50,-4.0,9.55379e-05,27.245358,51
88,50,-4.0,7.94475e-05,62.545389,121
89,50,-4.0,3.21112e-05,8.626674,24
90,50,-4.0,9.97526e-05,153.64191399999999,291
91,50,-4.0,6.83226e-05,8.478674,23
92,50,-4.0,9.77977e-05,18.509349999999998,44
93,50,-4.0,9.27321e-05,62.424499999999995,201
94,50,-4.0,9.73107e-05,139.901458,449
95,50,-4.0,6.44037e-05,10.092009,28
96,50,-4.0,4.63289e-05,7.431118,30
97,50,-4.0,4.50125e-05,10.585343,22
98,50,-4.0,8.03491e-05,31.426695,89
99,50,-4.0,7.70771e-05,15.85468,43
0,50,-5.0,7.46264e-06,13.476011999999999,54
1,50,-5.0,8.54589e-06,12.870234,33
2,50,-5.0,4.71915e-06,17.479571,38
3,50,-5.0,5.22573e-06,12.674678,32
4,50,-5.0,9.98566e-06,493.86977199999995,1476
5,50,-5.0,4.46603e-06,8.716452,17
6,50,-5.0,1.60224e-06,9.508453,14
7,50,-5.0,4.05976e-06,17.511126,33
8,50,-5.0,2.66145e-06,10.052009,21
9,50,-5.0,9.58163e-06,37.481811,120
10,50,-5.0,9.78781e-06,129.186782,362
11,50,-5.0,5.71641e-06,23.837799,54
12,50,-5.0,9.05268e-06,30.03336,81
13,50,-5.0,9.98584e-06,31.736027999999997,89
14,50,-5.0,2.41116e-06,7.809784,15
15,50,-5.0,4.76647e-06,18.412017,44
16,50,-5.0,2.43502e-07,5.7768939999999995,9
17,50,-5.0,6.39797e-06,50.987156,67
18,50,-5.0,9.61896e-06,280.101583,633
19,50,-5.0,4.93838e-06,15.920459,44
20,50,-5.0,3.97305e-06,12.446677999999999,28
21,50,-5.0,9.97251e-06,179.229048,571
22,50,-5.0,7.2419e-06,26.668467999999997,72
23,50,-5.0,6.79248e-06,8.61023,24
24,50,-5.0,9.95513e-06,2295.090484,5766
25,50,-5.0,6.79046e-06,9.259563,18
26,50,-5.0,9.64627e-06,10.664454,37
27,50,-5.0,1.25555e-06,6.288005,13
28,50,-5.0,9.50834e-06,85.983188,254
29,50,-5.0,9.80125e-06,661.3205879999999,1545
30,50,-5.0,7.80756e-06,40.934703,95
31,50,-5.0,6.57752e-06,11.030676,27
32,50,-5.0,4.1009e-06,15.918681,39
33,50,-5.0,2.22827e-06,9.703564,16
34,50,-5.0,4.39494e-06,12.550232999999999,23
35,50,-5.0,2.31916e-06,8.246674,15
36,50,-5.0,6.99669e-06,14.059123999999999,23
37,50,-5.0,3.91991e-06,26.223578999999997,37
38,50,-5.0,6.74379e-06,29.385804,70
39,50,-5.0,5.90741e-06,30.836917,58
40,50,-5.0,7.17228e-06,16.329348,44
41,50,-5.0,1.66649e-06,10.552009,18
42,50,-5.0,7.00502e-06,11.924011,17
43,50,-5.0,5.81051e-06,10.182231,17
44,50,-5.0,8.99873e-06,31.690251,84
45,50,-5.0,6.73933e-06,36.255143,82
46,50,-5.0,6.05687e-06,22.189798,40
47,50,-5.0,2.36651e-06,6.9320059999999994,12
48,50,-5.0,8.4744e-06,20.230241,45
49,50,-5.0,9.17547e-06,15.253347,32
50,50,-5.0,7.47746e-06,17.265349,33
51,50,-5.0,9.22246e-07,6.130672,9
52,50,-5.0,9.28494e-06,4.700004,13
53,50,-5.0,4.02147e-06,17.13246,35
54,50,-5.0,9.5397e-06,16.328459,43
55,50,-5.0,8.13816e-06,22.561798,46
56,50,-5.0,9.20201e-06,46.159152,135
57,50,-5.0,3.88872e-06,6.72445,13
58,50,-5.0,6.15285e-06,24.754687999999998,58
59,50,-5.0,9.84404e-06,310.38072,812
60,50,-5.0,3.65965e-06,11.227121,15
61,50,-5.0,4.20087e-06,12.398233,27
62,50,-5.0,1.44174e-06,8.705340999999999,19
63,50,-5.0,7.20594e-06,18.490683,48
64,50,-5.0,4.99594e-06,13.564456,26
65,50,-5.0,9.137e-06,13.264899999999999,25
66,50,-5.0,9.71202e-06,444.11461699999995,1174
67,50,-5.0,2.2174e-06,7.481339999999999,14
68,50,-5.0,9.98899e-06,3731.097539,9833
69,50,-5.0,9.53366e-06,23.498687999999998,42
70,50,-5.0,6.57814e-06,18.150683,29
71,50,-5.0,9.9305e-06,605.636983,1826
72,50,-5.0,8.49722e-06,36.206254,109
73,50,-5.0,7.39457e-06,23.487576999999998,63
74,50,-5.0,9.87071e-06,724.4855329999999,1523
75,50,-5.0,5.62145e-06,28.537803,38
76,50,-5.0,5.95895e-07,4.860005,12
77,50,-5.0,4.33738e-06,12.534234,36
78,50,-5.0,9.7986e-06,37.328477,109
79,50,-5.0,8.08569e-06,16.225348,71
80,50,-5.0,9.89657e-06,82.44629499999999,265
81,50,-5.0,9.76078e-06,151.86013499999999,406
82,50,-5.0,9.85018e-06,12.424456,11
83,50,-5.0,9.03158e-06,77.95518,173
84,50,-5.0,8.85265e-06,10.461787,26
85,50,-5.0,9.60703e-06,15.809792,47
86,50,-5.0,8.82599e-06,12.687567,36
87,50,-5.0,2.2509e-06,3.824893,12
88,50,-5.0,6.00401e-06,9.013340999999999,19
89,50,-5.0,8.17985e-06,16.693793,54
90,50,-5.0,9.93525e-06,407.885696,1229
91,50,-5.0,9.27447e-06,34.639586,105
92,50,-5.0,8.47916e-06,40.256924999999995,123
93,50,-5.0,8.23554e-06,32.126250999999996,82
94,50,-5.0,7.30432e-06,35.243587,104
95,50,-5.0,9.5841e-06,69.574285,192
96,50,-5.0,8.04862e-06,21.754686,57
97,50,-5.0,7.93054e-06,11.175566,31
98,50,-5.0,8.07296e-06,32.989362,109
99,50,-5.0,8.86752e-06,86.631188,255
0,100,-1.0,0.0994718,49.605377,54
1,100,-1.0,0.0935652,195.636619,166
2,100,-1.0,0.09392,212.753967,299
3,100,-1.0,0.0567389,28.782691999999997,21
4,100,-1.0,0.0921466,286.126032,302
5,100,-1.0,0.0924683,25.182689,20
6,100,-1.0,0.0396935,39.783591,26
7,100,-1.0,0.0611631,23.467575999999998,12
8,100,-1.0,0.0856061,102.665869,112
9,100,-1.0,0.0287036,19.859129,8
10,100,-1.0,0.0133924,17.436016,10
11,100,-1.0,0.0790872,69.202728,69
12,100,-1.0,0.0291301,31.703139,17
13,100,-1.0,0.0560346,30.194692999999997,25
14,100,-1.0,0.0903731,97.87030899999999,123
15,100,-1.0,0.099519,123.30010999999999,147
16,100,-1.0,0.0981528,706.13085,857
17,100,-1.0,0.0198963,43.358261,10
18,100,-1.0,0.00392796,34.147141999999995,9
19,100,-1.0,0.0465779,50.928934,15
20,100,-1.0,0.0532183,72.064509,33
21,100,-1.0,0.0630451,88.66807899999999,39
22,100,-1.0,0.0939016,89.336968,47
23,100,-1.0,0.0986884,270.06424,197
24,100,-1.0,0.0998483,1024.218688,984
25,100,-1.0,0.0271598,53.934714,16
26,100,-1.0,0.0462478,54.172937999999995,14
27,100,-1.0,0.0988034,1363.566989,1264
28,100,-1.0,0.00619741,14.724457,9
29,100,-1.0,0.041264,20.244018,22
30,100,-1.0,0.0975994,18.055127,17
31,100,-1.0,0.0650447,18.516906,18
32,100,-1.0,0.0663134,14.963123999999999,10
33,100,-1.0,0.0955261,14.052900999999999,8
34,100,-1.0,0.0505672,25.2018,33
35,100,-1.0,0.0998598,260.223343,464
36,100,-1.0,0.0799521,42.369814999999996,51
37,100,-1.0,0.0909303,67.59428199999999,110
38,100,-1.0,0.061106,16.616015,14
39,100,-1.0,0.0995932,1837.3358549999998,3956
40,100,-1.0,0.0402623,17.972016,17
41,100,-1.0,0.0987873,128.014336,267
42,100,-1.0,0.0237948,12.938232999999999,5
43,100,-1.0,0.0757273,16.25157,13
44,100,-1.0,0.074718,41.883148999999996,71
45,100,-1.0,0.0940294,58.58183,101
46,100,-1.0,0.0832448,20.326684999999998,22
47,100,-1.0,0.0908684,21.55513,25
48,100,-1.0,0.0886484,34.022253,53
49,100,-1.0,0.0735457,21.288463,24
50,100,-1.0,0.0988316,519.960907,1150
51,100,-1.0,0.0839874,24.788911,32
52,100,-1.0,0.0662257,36.706255,59
53,100,-1.0,0.0958388,73.094287,139
54,100,-1.0,0.0865136,26.171578999999998,34
55,100,-1.0,0.078695,40.328036,67
56,100,-1.0,0.0927334,27.408023999999997,38
57,100,-1.0,0.0230952,18.503128,18
58,100,-1.0,0.0718172,23.744909999999997,30
59,100,-1.0,0.0961507,20.744906999999998,23
60,100,-1.0,0.0521924,18.187572,17
61,100,-1.0,0.0797172,32.957361999999996,50
62,100,-1.0,0.0921585,124.62766699999999,137
63,100,-1.0,0.0721211,29.986693,15
64,100,-1.0,0.0999827,1402.303025,2326
65,100,-1.0,0.092098,31.666251,48
66,100,-1.0,0.0974793,83.278741,166
67,100,-1.0,0.0973429,327.342069,720
68,100,-1.0,0.020559,18.008905,17
69,100,-1.0,0.0982993,18.872460999999998,19
70,100,-1.0,0.083787,37.844034,62
71,100,-1.0,0.099536,72.075175,139
72,100,-1.0,0.0293846,20.182685,22
73,100,-1.0,0.0633554,23.236909999999998,29
74,100,-1.0,0.098583,28.043136,39
75,100,-1.0,0.0227011,16.718681999999998,14
76,100,-1.0,0.0632193,30.755582999999998,46
77,100,-1.0,0.099622,1055.685827,2370
78,100,-1.0,0.0997345,71.521397,107
79,100,-1.0,0.0889134,30.160027,39
80,100,-1.0,0.0979083,33.058696999999995,45
81,100,-1.0,0.0984918,527.5444679999999,1060
82,100,-1.0,0.0971831,106.871206,190
83,100,-1.0,0.0810616,44.801373,77
84,100,-1.0,0.0995111,267.09090399999997,522
85,100,-1.0,0.0802178,46.995597,78
86,100,-1.0,0.0981379,251.781558,531
87,100,-1.0,0.063658,18.666683,18
88,100,-1.0,0.0783183,43.65115,74
89,100,-1.0,0.0443494,21.168463,24
90,100,-1.0,0.0547593,18.012905,17
91,100,-1.0,0.0977233,59.124052999999996,107
92,100,-1.0,0.0510164,39.226257,36
93,100,-1.0,0.0806552,71.924953,87
94,100,-1.0,0.099222,49.107155,86
95,100,-1.0,0.0782872,55.508494,102
96,100,-1.0,0.0916304,106.76454,182
97,100,-1.0,0.060984,35.780032,36
98,100,-1.0,0.0755201,36.732032,35
99,100,-1.0,0.0822739,34.533364,34
0,100,-2.0,0.00986683,652.060579,1428
1,100,-2.0,0.00850894,51.188044999999995,93
2,100,-2.0,0.00560725,26.142689999999998,37
3,100,-2.0,0.0091661,32.465362,52
4,100,-2.0,0.0094551,16.048904,13
5,100,-2.0,0.00997718,711.5668539999999,1603
6,100,-2.0,0.00692914,26.481802,30
7,100,-2.0,0.0044828,15.83957,13
8,100,-2.0,0.00291202,14.41868,9
9,100,-2.0,0.00918111,56.091161,104
10,100,-2.0,0.00958404,305.820716,533
11,100,-2.0,0.00651014,20.283573999999998,23
12,100,-2.0,0.00816698,20.127574,22
13,100,-2.0,0.0080021,54.492937,102
14,100,-2.0,0.00243223,16.825792,15
15,100,-2.0,0.00928673,123.250777,260
16,100,-2.0,0.00362351,15.861790999999998,12
17,100,-2.0,0.00821223,19.964461999999997,17
18,100,-2.0,0.00717204,45.189817999999995,42
19,100,-2.0,0.00865005,52.486269,97
20,100,-2.0,0.00978047,95.916974,198
21,100,-2.0,0.00327238,21.497797,26
22,100,-2.0,0.00703181,25.112911,34
23,100,-2.0,0.0044908,23.939131999999997,31
24,100,-2.0,0.00290711,17.775126999999998,17
25,100,-2.0,0.00304687,20.416463,23
26,100,-2.0,0.00953342,48.772043,88
27,100,-2.0,0.00975763,320.166951,714
28,100,-2.0,0.00964743,20.307572999999998,23
29,100,-2.0,0.00446164,17.022681,15
30,100,-2.0,0.00481373,26.57469,37
31,100,-2.0,0.00900226,120.904552,250
32,100,-2.0,0.0011499,15.916457999999999,13
33,100,-2.0,0.00949549,157.617029,335
34,100,-2.0,0.00118622,16.557793,14
35,100,-2.0,0.0076524,29.503137,43
36,100,-2.0,0.00796656,44.577373,79
37,100,-2.0,0.00549179,21.234686,25
38,100,-2.0,0.00661415,24.814244,32
39,100,-2.0,0.00590664,30.171581999999997,45
40,100,-2.0,0.00267003,18.943127999999998,20
41,100,-2.0,0.00803276,61.918276999999996,120
42,100,-2.0,0.00793583,25.210689,34
43,100,-2.0,0.00841033,36.865811,60
44,100,-2.0,0.00680997,16.276459,13
45,100,-2.0,0.00632004,19.366239,21
46,100,-2.0,0.000114904,13.680012999999999,8
47,100,-2.0,0.00971141,212.1833,463
48,100,-2.0,0.00651001,20.547573999999997,22
49,100,-2.0,0.00458238,17.486237,16
50,100,-2.0,0.00294313,19.687573,22
51,100,-2.0,0.00628436,24.252466,28
52,100,-2.0,0.00926914,150.821022,318
53,100,-2.0,0.00852167,25.844023,36
54,100,-2.0,0.00609033,31.044472,48
55,100,-2.0,0.00680347,26.698245999999997,38
56,100,-2.0,0.00982651,398.941243,887
57,100,-2.0,0.00609198,32.657362,50
58,100,-2.0,0.00787109,44.072483,77
59,100,-2.0,0.00710271,24.248020999999998,32
60,100,-2.0,0.00987539,347.84475299999997,774
61,100,-2.0,0.0068082,17.341348,16
62,100,-2.0,0.00652979,42.164927,55
63,100,-2.0,0.00384582,22.874243,25
64,100,-2.0,0.00689822,39.068034999999995,64
65,100,-2.0,0.00262986,16.638682,14
66,100,-2.0,0.00995116,88.904968,178
67,100,-2.0,0.00823152,49.422711,88
68,100,-2.0,0.00936343,80.620516,157
69,100,-2.0,0.00743487,17.585349,17
70,100,-2.0,0.00772964,33.820029999999996,53
71,100,-2.0,0.00826557,21.321797,25
72,100,-2.0,0.00623223,36.221365999999996,59
73,100,-2.0,0.00754049,47.996486999999995,86
74,100,-2.0,0.00111119,18.379572,14
75,100,-2.0,0.00921041,35.837365,59
76,100,-2.0,0.00406259,15.525348,12
77,100,-2.0,0.00877235,27.071579999999997,39
78,100,-2.0,0.00962436,18.940461,19
79,100,-2.0,0.0060841,33.300917999999996,51
80,100,-2.0,0.00496119,18.723572,16
81,100,-2.0,0.00949596,69.520062,101
82,100,-2.0,0.00584726,25.261356,33
83,100,-2.0,0.00608768,20.718685999999998,21
84,100,-2.0,0.00781729,22.80091,28
85,100,-2.0,0.00802663,55.072492999999994,101
86,100,-2.0,0.00757218,21.221795999999998,25
87,100,-2.0,0.00169335,36.926255,12
88,100,-2.0,0.00567531,41.278259,43
89,100,-2.0,0.00759458,53.615159,80
90,100,-2.0,0.00502123,36.319587999999996,33
91,100,-2.0,0.00655553,37.042699999999996,58
92,100,-2.0,0.00891711,66.93517,122
93,100,-2.0,0.0092631,116.071658,218
94,100,-2.0,0.00812113,51.61338,90
95,100,-2.0,0.00970173,28.780469999999998,34
96,100,-2.0,0.00497743,22.265352999999998,27
97,100,-2.0,0.00908582,22.686687,27
98,100,-2.0,0.00987128,35.722254,49
99,100,-2.0,0.00999062,102.756536,188
0,100,-3.0,0.000435105,18.654239,18
1,100,-3.0,0.000971105,189.682391,401
2,100,-3.0,0.000112418,16.701349,14
3,100,-3.0,0.000385592,19.047572,19
4,100,-3.0,0.00089932,112.673878,218
5,100,-3.0,0.000803828,61.550722,115
6,100,-3.0,0.000773856,40.969814,63
7,100,-3.0,0.000871192,50.358267,87
8,100,-3.0,0.000425434,20.208907,20
9,100,-3.0,0.000403985,17.717793999999998,16
10,100,-3.0,0.00037999,17.172015,14
11,100,-3.0,0.000647729,35.272476,56
12,100,-3.0,0.000951721,40.678702,68
13,100,-3.0,0.000470823,18.205349,17
14,100,-3.0,0.000963174,40.287147,57
15,100,-3.0,0.000695738,32.278251,49
16,100,-3.0,0.00099075,450.18884499999996,998
17,100,-3.0,0.000540223,20.732463,23
18,100,-3.0,0.00021283,16.586681,14
19,100,-3.0,0.000531394,31.464917,48
20,100,-3.0,0.000901414,125.92188999999999,261
21,100,-3.0,0.000522218,29.466693,45
22,100,-3.0,0.000352567,20.962685,25
23,100,-3.0,0.000739444,42.192482,73
24,100,-3.0,0.00080146,42.543149,72
25,100,-3.0,9.93443e-05,22.500909,11
26,100,-3.0,0.000890596,36.006254,57
27,100,-3.0,0.000994965,348.11186499999997,765
28,100,-3.0,0.000689619,32.806695999999995,51
29,100,-3.0,0.000480481,16.564904,14
30,100,-3.0,0.000844731,27.300024999999998,39
31,100,-3.0,0.000963513,30.822694,45
32,100,-3.0,0.000930453,45.866263,80
33,100,-3.0,0.000309793,18.831571999999998,19
34,100,-3.0,0.000978804,54.727604,103
35,100,-3.0,0.000698198,33.368474,53
36,100,-3.0,0.000687333,29.369359,44
37,100,-3.0,0.000414447,20.505796,24
38,100,-3.0,0.000377147,23.812465,31
39,100,-3.0,0.00099462,2212.713966,4992
40,100,-3.0,0.000554932,31.016917,46
41,100,-3.0,0.000942591,91.72896999999999,186
42,100,-3.0,0.000514343,15.124013999999999,11
43,100,-3.0,0.000675058,32.764474,51
44,100,-3.0,0.00090073,132.74233999999998,273
45,100,-3.0,0.000796761,21.995575,27
46,100,-3.0,0.000130952,15.984013999999998,12
47,100,-3.0,0.00090094,56.276937999999994,105
48,100,-3.0,0.000909913,15.968458,13
49,100,-3.0,0.000376597,21.944464,27
50,100,-3.0,0.000569399,27.563579999999998,40
51,100,-3.0,0.000867178,78.552515,159
52,100,-3.0,0.000487913,21.101352,24
53,100,-3.0,0.000815218,65.30850199999999,126
54,100,-3.0,0.00089244,41.104036,71
55,100,-3.0,0.000676748,43.457372,76
56,100,-3.0,0.00091404,31.621361999999998,48
57,100,-3.0,0.000972797,332.75451799999996,733
58,100,-3.0,0.000763662,17.629794,17
59,100,-3.0,0.000667399,34.225364,54
60,100,-3.0,0.000275411,19.000460999999998,20
61,100,-3.0,0.000655632,32.552029,50
62,100,-3.0,0.000716978,19.725351,22
63,100,-3.0,0.000563604,25.351578,33
64,100,-3.0,0.000633088,33.146696999999996,52
65,100,-3.0,0.000980021,27.783136,36
66,100,-3.0,0.000764526,25.049799999999998,33
67,100,-3.0,0.000996648,3224.826423,6212
68,100,-3.0,0.000914902,25.997356999999997,36
69,100,-3.0,0.000567368,18.268905,17
70,100,-3.0,0.000891549,27.801358,38
71,100,-3.0,0.000386466,23.484465999999998,30
72,100,-3.0,0.000909365,80.37384899999999,159
73,100,-3.0,0.000690579,37.662256,63
74,100,-3.0,0.000878646,97.04942,201
75,100,-3.0,0.000261105,18.466238999999998,19
76,100,-3.0,0.000649098,35.823143,56
77,100,-3.0,0.000228726,16.252903,13
78,100,-3.0,0.000597212,13.836901,8
79,100,-3.0,0.000620973,16.416014999999998,14
80,100,-3.0,0.000575797,20.700463,22
81,100,-3.0,0.000933076,58.518274,106
82,100,-3.0,0.000316463,18.730683,19
83,100,-3.0,0.000333495,21.973796999999998,27
84,100,-3.0,0.00088458,31.709805999999997,49
85,100,-3.0,0.000929139,37.340478,61
86,100,-3.0,0.000188135,18.104905,17
87,100,-3.0,0.000422948,18.173794,16
88,100,-3.0,0.000132207,17.45646,16
89,100,-3.0,0.000954726,111.56898799999999,233
90,100,-3.0,0.000864007,45.128929,77
91,100,-3.0,0.000674381,40.539147,70
92,100,-3.0,0.000213237,14.560011999999999,10
93,100,-3.0,0.00052083,24.932467,34
94,100,-3.0,0.000786191,24.245355,31
95,100,-3.0,0.000854575,31.902694999999998,48
96,100,-3.0,0.000878429,31.03425,48
97,100,-3.0,5.29845e-05,15.062235,11
98,100,-3.0,0.000900462,135.437009,231
99,100,-3.0,0.000975615,540.2058129999999,698
0,100,-4.0,8.90708e-05,209.80729699999998,258
1,100,-4.0,9.81132e-05,512.5671219999999,963
2,100,-4.0,4.89775e-05,24.250244,32
3,100,-4.0,5.96183e-05,37.296921999999995,61
4,100,-4.0,9.24126e-05,60.484497999999995,116
5,100,-4.0,9.86665e-05,90.072525,183
6,100,-4.0,9.44042e-05,123.665443,262
7,100,-4.0,9.36442e-05,134.342786,285
8,100,-4.0,2.65581e-05,15.506236,11
9,100,-4.0,7.96243e-05,18.342238,19
10,100,-4.0,7.0856e-05,26.07469,36
11,100,-4.0,9.30947e-05,61.301387999999996,117
12,100,-4.0,9.30968e-05,191.314392,414
13,100,-4.0,5.05677e-05,22.716908999999998,29
14,100,-4.0,9.76119e-05,240.265547,527
15,100,-4.0,6.33873e-05,21.379575,25
16,100,-4.0,5.71768e-05,22.706242,28
17,100,-4.0,8.85752e-05,76.751623,153
18,100,-4.0,8.11362e-05,62.756944,118
19,100,-4.0,9.49923e-05,209.85040899999998,455
20,100,-4.0,1.73765e-05,16.101793,12
21,100,-4.0,1.78314e-05,18.013348999999998,18
22,100,-4.0,9.91128e-05,393.99235,889
23,100,-4.0,9.89451e-05,560.112054,1268
24,100,-4.0,7.32204e-05,37.269366,63
25,100,-4.0,8.24754e-05,21.216908,25
26,100,-4.0,4.63908e-05,26.016467,36
27,100,-4.0,7.1133e-05,33.315141,53
28,100,-4.0,9.22649e-05,63.148056,116
29,100,-4.0,9.76211e-05,134.437008,284
30,100,-4.0,4.11719e-05,16.00357,13
31,100,-4.0,7.17247e-05,19.680462,21
32,100,-4.0,5.81564e-05,27.506247,40
33,100,-4.0,5.26724e-05,29.546692999999998,43
34,100,-4.0,8.09076e-05,29.764471,45
35,100,-4.0,9.65704e-05,166.299259,357
36,100,-4.0,3.43017e-05,16.520903,14
37,100,-4.0,8.9023e-05,108.932986,224
38,100,-4.0,6.37435e-05,15.617792,12
39,100,-4.0,8.4948e-05,73.200509,145
40,100,-4.0,3.43533e-05,23.893798999999998,31
41,100,-4.0,7.75084e-05,35.327141999999995,57
42,100,-4.0,7.4031e-05,44.787596,78
43,100,-4.0,7.46375e-05,40.450258999999996,69
44,100,-4.0,1.59347e-05,16.597793,14
45,100,-4.0,8.51679e-05,45.757374,80
46,100,-4.0,7.28009e-05,18.196016,18
47,100,-4.0,8.20372e-05,57.157827999999995,108
48,100,-4.0,4.48819e-05,17.637793,16
49,100,-4.0,2.48897e-05,18.036016,17
50,100,-4.0,5.52405e-05,26.07069,36
51,100,-4.0,6.86395e-05,32.174695,50
52,100,-4.0,9.769e-05,38.81959,65
53,100,-4.0,2.09503e-05,18.958683999999998,20
54,100,-4.0,4.7827e-05,33.490696,40
55,100,-4.0,9.86455e-05,241.400659,479
56,100,-4.0,7.376e-05,26.092468,35
57,100,-4.0,7.3777e-05,30.540916,45
58,100,-4.0,8.73458e-05,53.632937,96
59,100,-4.0,8.73427e-05,33.665364,52
60,100,-4.0,6.37141e-05,31.192027999999997,46
61,100,-4.0,9.94048e-05,594.87964,1310
62,100,-4.0,4.78504e-05,18.57735,18
63,100,-4.0,9.75914e-05,46.806264,79
64,100,-4.0,5.41045e-05,21.616464,25
65,100,-4.0,9.2112e-05,29.13336,38
66,100,-4.0,6.7809e-05,35.860032,24
67,100,-4.0,9.76591e-05,107.731651,120
68,100,-4.0,9.96625e-05,310.47583099999997,390
69,100,-4.0,7.10465e-05,70.756507,71
70,100,-4.0,8.48128e-05,99.216532,109
71,100,-4.0,1.28459e-05,26.98358,12
72,100,-4.0,9.10385e-05,117.414771,133
73,100,-4.0,9.39012e-05,192.237949,405
74,100,-4.0,5.21208e-05,19.492905999999998,21
75,100,-4.0,8.63781e-05,26.678690999999997,38
76,100,-4.0,7.35911e-05,28.200913999999997,41
77,100,-4.0,5.85884e-05,16.737348,14
78,100,-4.0,9.34844e-05,25.219133,35
79,100,-4.0,9.20969e-05,45.501819,81
80,100,-4.0,9.77781e-05,470.88708499999996,1065
81,100,-4.0,8.72486e-05,32.629807,51
82,100,-4.0,2.67836e-05,17.620459999999998,17
83,100,-4.0,9.96753e-05,238.531323,519
84,100,-4.0,9.47243e-05,124.42944299999999,265
85,100,-4.0,5.82825e-05,31.331583,47
86,100,-4.0,7.94526e-05,12.821344999999999,6
87,100,-4.0,8.26092e-05,20.480462,24
88,100,-4.0,8.29445e-05,30.371582999999998,47
89,100,-4.0,2.35895e-05,16.330681,14
90,100,-4.0,7.25671e-05,18.301793999999997,18
91,100,-4.0,5.20141e-05,28.120025,41
92,100,-4.0,8.63135e-05,52.464935999999994,98
93,100,-4.0,7.47239e-05,51.431157,95
94,100,-4.0,2.70796e-05,17.107126,16
95,100,-4.0,9.89558e-05,406.41902799999997,910
96,100,-4.0,9.31801e-05,45.717818,82
97,100,-4.0,9.39197e-05,63.082277999999995,122
98,100,-4.0,6.98753e-05,14.602679,10
99,100,-4.0,3.30365e-05,18.782239,19
0,100,-5.0,8.58183e-06,51.012933999999994,91
1,100,-5.0,9.75733e-06,103.836981,193
2,100,-5.0,8.92106e-06,15.027123999999999,11
3,100,-5.0,6.31745e-06,25.598689,35
4,100,-5.0,9.72671e-06,485.046653,1079
5,100,-5.0,7.50345e-06,54.992048999999994,101
6,100,-5.0,3.96342e-06,17.590238,16
7,100,-5.0,9.95031e-06,170.320596,368
8,100,-5.0,5.07842e-06,26.224912,37
9,100,-5.0,2.91006e-06,16.749347999999998,15
10,100,-5.0,8.26355e-06,71.947619,142
11,100,-5.0,9.96394e-06,35.624921,58
12,100,-5.0,8.7655e-06,122.027664,254
13,100,-5.0,9.95741e-06,293.98826099999997,653
14,100,-5.0,8.19619e-06,49.293821,89
15,100,-5.0,7.96805e-06,67.147616,130
16,100,-5.0,4.60314e-06,27.588023999999997,38
17,100,-5.0,8.80442e-06,78.734736,155
18,100,-5.0,3.7367e-07,15.051568999999999,11
19,100,-5.0,5.65795e-06,34.057362999999995,54
20,100,-5.0,8.22834e-06,31.588472,49
21,100,-5.0,1.53353e-06,16.337792,14
22,100,-5.0,6.3132e-06,35.528031999999996,56
23,100,-5.0,5.29451e-06,28.345357999999997,42
24,100,-5.0,9.28348e-06,25.758689999999998,34
25,100,-5.0,7.82666e-06,39.966702,68
26,100,-5.0,4.48416e-06,26.453801,36
27,100,-5.0,5.69756e-06,28.753359,42
28,100,-5.0,3.26739e-06,19.968906999999998,22
29,100,-5.0,8.54747e-06,23.80091,31
30,100,-5.0,8.30759e-06,22.397797,27
31,100,-5.0,9.68981e-06,47.137375,83
32,100,-5.0,4.28177e-06,26.240468,27
33,100,-5.0,6.97192e-06,21.491574999999997,25
34,100,-5.0,9.91131e-06,92.02097099999999,186
35,100,-5.0,7.23007e-06,48.605821,86
36,100,-5.0,7.21633e-06,46.24493,83
37,100,-5.0,3.75017e-06,19.420016999999998,21
38,100,-5.0,5.76227e-06,25.320911,35
39,100,-5.0,1.89409e-06,14.776014,9
40,100,-5.0,8.2668e-06,28.110246999999998,41
41,100,-5.0,9.23606e-06,29.234247999999997,43
42,100,-5.0,8.74501e-06,30.868916,45
43,100,-5.0,9.3781e-06,139.997457,292
44,100,-5.0,7.63121e-06,51.936046,88
45,100,-5.0,9.23541e-06,127.57433499999999,268
46,100,-5.0,9.68426e-06,106.335205,222
47,100,-5.0,7.09196e-06,49.949377999999996,91
48,100,-5.0,7.60837e-06,16.376459,14
49,100,-5.0,8.16139e-06,71.317396,140
50,100,-5.0,8.54148e-06,32.496916999999996,51
51,100,-5.0,8.22798e-06,18.005349,15
52,100,-5.0,7.7577e-06,53.976048,101
53,100,-5.0,9.14689e-06,42.64226,73
54,100,-5.0,8.78534e-06,77.434291,155
55,100,-5.0,6.72514e-06,33.401362999999996,52
56,100,-5.0,3.10405e-06,24.403578,31
57,100,-5.0,5.522e-06,29.171581,44
58,100,-5.0,9.93194e-06,89.720969,183
59,100,-5.0,9.0078e-06,82.244518,166
60,100,-5.0,9.79891e-06,617.462326,1387
61,100,-5.0,8.67243e-06,62.592943999999996,97
62,100,-5.0,7.36643e-06,25.874689999999998,32
63,100,-5.0,7.31234e-06,30.559137999999997,45
64,100,-5.0,9.9195e-06,249.29133199999998,547
65,100,-5.0,9.69796e-06,374.73322199999996,829
66,100,-5.0,2.24487e-06,20.400907,23
67,100,-5.0,7.88415e-06,57.082718,108
68,100,-5.0,8.95027e-06,21.108017999999998,24
69,100,-5.0,8.33097e-06,92.874749,189
70,100,-5.0,6.34026e-06,32.664473,51
71,100,-5.0,8.43975e-06,18.413349999999998,19
72,100,-5.0,9.33908e-06,93.357417,192
73,100,-5.0,7.22655e-06,37.751588999999996,62
74,100,-5.0,3.5792e-06,22.915131,29
75,100,-5.0,4.33055e-06,22.47602,28
76,100,-5.0,8.4799e-06,40.723591,70
77,100,-5.0,8.53463e-06,73.576954,142
78,100,-5.0,6.01352e-06,32.634696,51
79,100,-5.0,2.27354e-06,17.674238,17
80,100,-5.0,8.60149e-06,72.085398,141
81,100,-5.0,1.39412e-06,17.302238,16
82,100,-5.0,9.47841e-06,176.777491,386
83,100,-5.0,8.8874e-06,52.786713,99
84,100,-5.0,8.37944e-06,43.382261,76
85,100,-5.0,8.95401e-06,26.962246,38
86,100,-5.0,6.57762e-06,22.71202,29
87,100,-5.0,8.44039e-06,19.706684,21
88,100,-5.0,4.84807e-06,22.032909,27
89,100,-5.0,9.39821e-06,184.956164,401
90,100,-5.0,9.61975e-06,47.368930999999996,86
91,100,-5.0,8.07164e-06,60.350275999999994,113
92,100,-5.0,1.15751e-06,15.684902999999998,11
93,100,-5.0,5.98402e-06,30.912028,48
94,100,-5.0,9.84134e-06,26.216911999999997,36
95,100,-5.0,4.67498e-06,29.817804,45
96,100,-5.0,3.48071e-06,21.116463,25
97,100,-5.0,8.78983e-06,93.391194,192
98,100,-5.0,1.50775e-06,18.005349,18
99,100,-5.0,7.71534e-06,55.982271999999995,105
